6 0.168325 0.243567 0.025046 0.0471196
6 0.768667 0.105636 0.0494135 0.0850205
21 0.211202 0.328712 0.0187637 0.036107
81 0.812866 0.0521606 0.0503859 0.0839087
6 0.413724 0.372564 0.010799 0.0181819
46 0.583085 0.349377 0.010446 0.019243
25 0.582516 0.390174 0.0106834 0.0196554
6 0.168325 0.243567 0.025046 0.0471196
6 0.768667 0.105636 0.0494135 0.0850205
21 0.211202 0.328712 0.0187637 0.036107
81 0.812866 0.0521606 0.0503859 0.0839087
6 0.413724 0.372564 0.010799 0.0181819
46 0.583085 0.349377 0.010446 0.019243
25 0.582516 0.390174 0.0106834 0.0196554
