81 0.634058 0.255756 0.0271447 0.0469433
0 0.633901 0.205502 0.0318962 0.0560168
6 0.436793 0.0822957 0.0299192 0.0495215
6 0.258701 0.310387 0.0184058 0.034011
6 0.049108 0.358161 0.0180994 0.0381181
6 0.0764217 0.357591 0.0132755 0.0474741
6 0.425321 0.394311 0.0100412 0.0176468
81 0.291595 0.345138 0.0142081 0.0274411
21 0.291319 0.371814 0.0140186 0.0246506
81 0.634058 0.255756 0.0271447 0.0469433
0 0.633901 0.205502 0.0318962 0.0560168
6 0.436793 0.0822957 0.0299192 0.0495215
6 0.258701 0.310387 0.0184058 0.034011
6 0.049108 0.358161 0.0180994 0.0381181
6 0.0764217 0.357591 0.0132755 0.0474741
6 0.425321 0.394311 0.0100412 0.0176468
81 0.291595 0.345138 0.0142081 0.0274411
21 0.291319 0.371814 0.0140186 0.0246506
