25 0.366395 0.350204 0.0179387 0.0325344
6 0.492993 0.297167 0.0146892 0.0261784
25 0.968609 0.440436 0.012928 0.0270106
12 0.576327 0.353633 0.0111488 0.0242938
6 0.401495 0.403859 0.0131927 0.0225755
128 0.575863 0.333067 0.0159626 0.0137593
46 0.96836 0.372943 0.0144581 0.0397352
12 0.402309 0.381388 0.0132284 0.0207652
125 0.366539 0.375792 0.0177249 0.015357
25 0.366395 0.350204 0.0179387 0.0325344
6 0.492993 0.297167 0.0146892 0.0261784
25 0.968609 0.440436 0.012928 0.0270106
12 0.576327 0.353633 0.0111488 0.0242938
6 0.401495 0.403859 0.0131927 0.0225755
128 0.575863 0.333067 0.0159626 0.0137593
46 0.96836 0.372943 0.0144581 0.0397352
12 0.402309 0.381388 0.0132284 0.0207652
125 0.366539 0.375792 0.0177249 0.015357
