6 0.16828 0.241908 0.0252323 0.0472276
6 0.768675 0.104235 0.0493858 0.0853381
21 0.210965 0.326995 0.0187071 0.0354727
6 0.413798 0.371107 0.010969 0.0190717
81 0.812377 0.0511888 0.0507568 0.0840864
46 0.582698 0.348141 0.0108412 0.0195023
81 0.211611 0.289144 0.0187703 0.0392376
6 0.170596 0.30231 0.00948474 0.0268305
25 0.582383 0.388075 0.010302 0.0173709
6 0.16828 0.241908 0.0252323 0.0472276
6 0.768675 0.104235 0.0493858 0.0853381
21 0.210965 0.326995 0.0187071 0.0354727
6 0.413798 0.371107 0.010969 0.0190717
81 0.812377 0.0511888 0.0507568 0.0840864
46 0.582698 0.348141 0.0108412 0.0195023
81 0.211611 0.289144 0.0187703 0.0392376
6 0.170596 0.30231 0.00948474 0.0268305
25 0.582383 0.388075 0.010302 0.0173709
