6 0.16833 0.241898 0.0252752 0.0472354
6 0.768601 0.1042 0.0491785 0.0852541
21 0.211062 0.327019 0.0187478 0.0354855
6 0.41382 0.371049 0.0110437 0.0190789
81 0.81238 0.0512417 0.0506924 0.0839082
46 0.58272 0.34822 0.0107351 0.0192424
81 0.21176 0.289282 0.0189849 0.0393537
6 0.17066 0.302536 0.00979953 0.0273808
6 0.16833 0.241898 0.0252752 0.0472354
6 0.768601 0.1042 0.0491785 0.0852541
21 0.211062 0.327019 0.0187478 0.0354855
6 0.41382 0.371049 0.0110437 0.0190789
81 0.81238 0.0512417 0.0506924 0.0839082
46 0.58272 0.34822 0.0107351 0.0192424
81 0.21176 0.289282 0.0189849 0.0393537
6 0.17066 0.302536 0.00979953 0.0273808
