6 0.168292 0.241893 0.0252248 0.0472266
6 0.768666 0.104284 0.0492619 0.085173
21 0.210987 0.327005 0.018706 0.0354156
6 0.413833 0.371121 0.0110136 0.0190832
81 0.812369 0.0511636 0.0507908 0.0840405
46 0.582718 0.348179 0.0107813 0.0193648
81 0.211585 0.289217 0.0188431 0.039404
6 0.170372 0.302198 0.00994916 0.0270513
25 0.582469 0.388178 0.010236 0.0173904
6 0.168292 0.241893 0.0252248 0.0472266
6 0.768666 0.104284 0.0492619 0.085173
21 0.210987 0.327005 0.018706 0.0354156
6 0.413833 0.371121 0.0110136 0.0190832
81 0.812369 0.0511636 0.0507908 0.0840405
46 0.582718 0.348179 0.0107813 0.0193648
81 0.211585 0.289217 0.0188431 0.039404
6 0.170372 0.302198 0.00994916 0.0270513
25 0.582469 0.388178 0.010236 0.0173904
