6 0.168245 0.241914 0.025204 0.0469214
6 0.768569 0.104185 0.0493064 0.0855393
21 0.211025 0.326995 0.0188459 0.0356517
6 0.413763 0.371068 0.0108381 0.0193909
81 0.812334 0.0511869 0.0507457 0.0838905
46 0.582725 0.348201 0.0107799 0.0192307
81 0.211735 0.289162 0.0190073 0.0392228
25 0.582459 0.388259 0.0101662 0.0172481
6 0.170725 0.302014 0.00967875 0.0266324
6 0.168245 0.241914 0.025204 0.0469214
6 0.768569 0.104185 0.0493064 0.0855393
21 0.211025 0.326995 0.0188459 0.0356517
6 0.413763 0.371068 0.0108381 0.0193909
81 0.812334 0.0511869 0.0507457 0.0838905
46 0.582725 0.348201 0.0107799 0.0192307
81 0.211735 0.289162 0.0190073 0.0392228
25 0.582459 0.388259 0.0101662 0.0172481
6 0.170725 0.302014 0.00967875 0.0266324
