6 0.168283 0.241856 0.0252742 0.0472932
6 0.768656 0.104285 0.0495529 0.0853619
21 0.210988 0.326934 0.0186692 0.0353533
6 0.413811 0.371103 0.0109782 0.0190755
81 0.812379 0.0512396 0.0507397 0.0841084
46 0.582703 0.348065 0.0108318 0.0193851
81 0.211602 0.289132 0.018782 0.0391989
6 0.170456 0.302822 0.00954633 0.0266149
6 0.168283 0.241856 0.0252742 0.0472932
6 0.768656 0.104285 0.0495529 0.0853619
21 0.210988 0.326934 0.0186692 0.0353533
6 0.413811 0.371103 0.0109782 0.0190755
81 0.812379 0.0512396 0.0507397 0.0841084
46 0.582703 0.348065 0.0108318 0.0193851
81 0.211602 0.289132 0.018782 0.0391989
6 0.170456 0.302822 0.00954633 0.0266149
