25 0.909099 0.288797 0.0226776 0.0518967
25 0.10818 0.178209 0.0411361 0.0780784
6 0.454267 0.185773 0.0255425 0.0440842
6 0.312511 0.380028 0.0209578 0.0387205
12 0.594298 0.280779 0.0215845 0.0368788
12 0.313962 0.344798 0.0148251 0.024649
6 0.661564 0.377513 0.0102718 0.0185457
25 0.909099 0.288797 0.0226776 0.0518967
25 0.10818 0.178209 0.0411361 0.0780784
6 0.454267 0.185773 0.0255425 0.0440842
6 0.312511 0.380028 0.0209578 0.0387205
12 0.594298 0.280779 0.0215845 0.0368788
12 0.313962 0.344798 0.0148251 0.024649
6 0.661564 0.377513 0.0102718 0.0185457
