46 0.892963 0.387516 0.0156437 0.0339887
6 0.504587 0.324884 0.0128443 0.023588
12 0.959009 0.232906 0.0207788 0.0554652
6 0.422873 0.418783 0.012974 0.022246
6 0.992 0.337311 0.0116121 0.0227681
12 0.579518 0.374343 0.0118144 0.0202262
12 0.425287 0.398421 0.0123148 0.0194621
46 0.892963 0.387516 0.0156437 0.0339887
6 0.504587 0.324884 0.0128443 0.023588
12 0.959009 0.232906 0.0207788 0.0554652
6 0.422873 0.418783 0.012974 0.022246
6 0.992 0.337311 0.0116121 0.0227681
12 0.579518 0.374343 0.0118144 0.0202262
12 0.425287 0.398421 0.0123148 0.0194621
