6 0.168303 0.241846 0.0252257 0.0471525
6 0.768611 0.104252 0.0492113 0.085183
21 0.211009 0.326993 0.0187323 0.035535
6 0.413841 0.371085 0.011013 0.0190505
81 0.812365 0.051212 0.0507599 0.0839158
46 0.582693 0.348172 0.01077 0.0192415
81 0.211678 0.289189 0.0188925 0.0392981
6 0.170511 0.302248 0.00990834 0.026359
6 0.168303 0.241846 0.0252257 0.0471525
6 0.768611 0.104252 0.0492113 0.085183
21 0.211009 0.326993 0.0187323 0.035535
6 0.413841 0.371085 0.011013 0.0190505
81 0.812365 0.051212 0.0507599 0.0839158
46 0.582693 0.348172 0.01077 0.0192415
81 0.211678 0.289189 0.0188925 0.0392981
6 0.170511 0.302248 0.00990834 0.026359
