25 0.313913 0.313487 0.0221527 0.0402388
6 0.472659 0.262763 0.0174827 0.0308317
6 0.368913 0.387913 0.0152586 0.0274741
12 0.369084 0.361464 0.012617 0.0217042
12 0.567329 0.327322 0.0138 0.0227265
25 0.701271 0.364233 0.0116379 0.0253815
128 0.567477 0.30612 0.0188139 0.0139097
6 0.644559 0.37718 0.00959892 0.0172714
25 0.313913 0.313487 0.0221527 0.0402388
6 0.472659 0.262763 0.0174827 0.0308317
6 0.368913 0.387913 0.0152586 0.0274741
12 0.369084 0.361464 0.012617 0.0217042
12 0.567329 0.327322 0.0138 0.0227265
25 0.701271 0.364233 0.0116379 0.0253815
128 0.567477 0.30612 0.0188139 0.0139097
6 0.644559 0.37718 0.00959892 0.0172714
