25 0.293794 0.297022 0.023649 0.0400418
12 0.563664 0.315827 0.0141487 0.0236475
6 0.464429 0.249292 0.019589 0.0341978
6 0.356962 0.38031 0.0159858 0.0279037
125 0.293657 0.330916 0.0246143 0.0239226
128 0.563617 0.294545 0.0187771 0.0143184
25 0.710635 0.351419 0.0125614 0.0324812
12 0.359104 0.354328 0.0128372 0.0221115
25 0.293794 0.297022 0.023649 0.0400418
12 0.563664 0.315827 0.0141487 0.0236475
6 0.464429 0.249292 0.019589 0.0341978
6 0.356962 0.38031 0.0159858 0.0279037
125 0.293657 0.330916 0.0246143 0.0239226
128 0.563617 0.294545 0.0187771 0.0143184
25 0.710635 0.351419 0.0125614 0.0324812
12 0.359104 0.354328 0.0128372 0.0221115
