46 0.876011 0.38825 0.0145773 0.0341215
25 0.404401 0.381623 0.0131817 0.0237445
12 0.927481 0.243247 0.0216316 0.0500758
6 0.507328 0.328833 0.0132254 0.0229735
6 0.990122 0.426381 0.0118149 0.0243217
12 0.428542 0.400614 0.01292 0.0214319
12 0.580515 0.376227 0.0108325 0.0183373
6 0.427753 0.421063 0.0123293 0.0215285
6 0.980185 0.33777 0.0105547 0.0246882
127 0.925632 0.206086 0.0245171 0.0262408
46 0.876011 0.38825 0.0145773 0.0341215
25 0.404401 0.381623 0.0131817 0.0237445
12 0.927481 0.243247 0.0216316 0.0500758
6 0.507328 0.328833 0.0132254 0.0229735
6 0.990122 0.426381 0.0118149 0.0243217
12 0.428542 0.400614 0.01292 0.0214319
12 0.580515 0.376227 0.0108325 0.0183373
6 0.427753 0.421063 0.0123293 0.0215285
6 0.980185 0.33777 0.0105547 0.0246882
127 0.925632 0.206086 0.0245171 0.0262408
