6 0.168287 0.242532 0.0251321 0.0473957
6 0.768741 0.104552 0.0497292 0.0857485
46 0.582865 0.348013 0.0108745 0.0195979
21 0.211058 0.327673 0.0186658 0.036479
81 0.812507 0.0514332 0.0509128 0.0841916
6 0.413811 0.371436 0.0109148 0.0186544
81 0.211528 0.289441 0.0191811 0.0395692
6 0.168287 0.242532 0.0251321 0.0473957
6 0.768741 0.104552 0.0497292 0.0857485
46 0.582865 0.348013 0.0108745 0.0195979
21 0.211058 0.327673 0.0186658 0.036479
81 0.812507 0.0514332 0.0509128 0.0841916
6 0.413811 0.371436 0.0109148 0.0186544
81 0.211528 0.289441 0.0191811 0.0395692
