31 0.697252 0.23679 0.0299065 0.0548336
0 0.544896 0.340438 0.0133837 0.0236668
34 0.697903 0.294699 0.0295843 0.0532243
6 0.262587 0.400276 0.0124608 0.0244819
6 0.223732 0.394051 0.0107463 0.0200041
24 0.245866 0.346181 0.0132498 0.0243984
6 0.454627 0.270537 0.0137058 0.0241286
31 0.697252 0.23679 0.0299065 0.0548336
0 0.544896 0.340438 0.0133837 0.0236668
34 0.697903 0.294699 0.0295843 0.0532243
6 0.262587 0.400276 0.0124608 0.0244819
6 0.223732 0.394051 0.0107463 0.0200041
24 0.245866 0.346181 0.0132498 0.0243984
6 0.454627 0.270537 0.0137058 0.0241286
