0 0.644955 0.189266 0.0344337 0.059277
6 0.435017 0.0632117 0.0312534 0.0521145
6 0.25162 0.307423 0.0186436 0.0346115
81 0.644925 0.243368 0.0289536 0.049999
6 0.0351656 0.359777 0.0186113 0.0399843
6 0.0589539 0.357278 0.013216 0.0498881
6 0.425199 0.394375 0.0101023 0.0182593
21 0.285584 0.371297 0.0142552 0.0256497
0 0.644955 0.189266 0.0344337 0.059277
6 0.435017 0.0632117 0.0312534 0.0521145
6 0.25162 0.307423 0.0186436 0.0346115
81 0.644925 0.243368 0.0289536 0.049999
6 0.0351656 0.359777 0.0186113 0.0399843
6 0.0589539 0.357278 0.013216 0.0498881
6 0.425199 0.394375 0.0101023 0.0182593
21 0.285584 0.371297 0.0142552 0.0256497
