6 0.168294 0.241879 0.0252583 0.047296
6 0.768638 0.104262 0.0493388 0.0852478
21 0.210999 0.326999 0.018746 0.0354671
6 0.413834 0.371121 0.0109913 0.0190645
81 0.812357 0.0512472 0.0507502 0.0839738
46 0.582705 0.34818 0.0107447 0.019344
81 0.211675 0.289178 0.0188085 0.0392928
6 0.17066 0.302514 0.0095242 0.0264519
25 0.58245 0.388026 0.0102275 0.0172221
6 0.168294 0.241879 0.0252583 0.047296
6 0.768638 0.104262 0.0493388 0.0852478
21 0.210999 0.326999 0.018746 0.0354671
6 0.413834 0.371121 0.0109913 0.0190645
81 0.812357 0.0512472 0.0507502 0.0839738
46 0.582705 0.34818 0.0107447 0.019344
81 0.211675 0.289178 0.0188085 0.0392928
6 0.17066 0.302514 0.0095242 0.0264519
25 0.58245 0.388026 0.0102275 0.0172221
