6 0.168177 0.241962 0.0251591 0.0471607
6 0.768663 0.104267 0.0496342 0.0855724
21 0.21104 0.327117 0.0186 0.0359575
46 0.582868 0.348077 0.0107931 0.0195755
81 0.812326 0.0512198 0.0507296 0.0840076
6 0.413844 0.371088 0.0109907 0.0188995
81 0.211537 0.289257 0.0191341 0.0393727
6 0.168177 0.241962 0.0251591 0.0471607
6 0.768663 0.104267 0.0496342 0.0855724
21 0.21104 0.327117 0.0186 0.0359575
46 0.582868 0.348077 0.0107931 0.0195755
81 0.812326 0.0512198 0.0507296 0.0840076
6 0.413844 0.371088 0.0109907 0.0188995
81 0.211537 0.289257 0.0191341 0.0393727
