6 0.168203 0.242008 0.0251925 0.0472243
6 0.768679 0.104313 0.0497131 0.0856843
21 0.211047 0.32714 0.0185769 0.0359936
81 0.812338 0.0512685 0.0507389 0.0840592
46 0.582854 0.348122 0.0108059 0.0195926
6 0.413742 0.371113 0.0108381 0.018928
81 0.211573 0.289301 0.0191614 0.0393623
6 0.168203 0.242008 0.0251925 0.0472243
6 0.768679 0.104313 0.0497131 0.0856843
21 0.211047 0.32714 0.0185769 0.0359936
81 0.812338 0.0512685 0.0507389 0.0840592
46 0.582854 0.348122 0.0108059 0.0195926
6 0.413742 0.371113 0.0108381 0.018928
81 0.211573 0.289301 0.0191614 0.0393623
