6 0.168297 0.241906 0.0252112 0.0471914
6 0.768678 0.104244 0.0493126 0.085308
21 0.210959 0.326964 0.0187461 0.0353754
6 0.413822 0.37112 0.01099 0.019085
81 0.81238 0.051143 0.0507702 0.0840408
46 0.58273 0.348167 0.0108584 0.0195319
81 0.211599 0.289182 0.018804 0.0393399
25 0.582464 0.388061 0.0102798 0.0174412
6 0.170432 0.302247 0.00985997 0.0272429
6 0.168297 0.241906 0.0252112 0.0471914
6 0.768678 0.104244 0.0493126 0.085308
21 0.210959 0.326964 0.0187461 0.0353754
6 0.413822 0.37112 0.01099 0.019085
81 0.81238 0.051143 0.0507702 0.0840408
46 0.58273 0.348167 0.0108584 0.0195319
81 0.211599 0.289182 0.018804 0.0393399
25 0.582464 0.388061 0.0102798 0.0174412
6 0.170432 0.302247 0.00985997 0.0272429
