25 0.0852664 0.163688 0.0434209 0.0830729
25 0.93633 0.278594 0.0250374 0.0565818
6 0.454724 0.175529 0.0262111 0.0470075
6 0.310178 0.37852 0.0209699 0.0395406
12 0.598798 0.273975 0.0223427 0.0375261
12 0.311261 0.342313 0.0149064 0.0261303
6 0.665265 0.374988 0.0104651 0.0183685
127 0.599433 0.239685 0.0281322 0.0244553
25 0.0852664 0.163688 0.0434209 0.0830729
25 0.93633 0.278594 0.0250374 0.0565818
6 0.454724 0.175529 0.0262111 0.0470075
6 0.310178 0.37852 0.0209699 0.0395406
12 0.598798 0.273975 0.0223427 0.0375261
12 0.311261 0.342313 0.0149064 0.0261303
6 0.665265 0.374988 0.0104651 0.0183685
127 0.599433 0.239685 0.0281322 0.0244553
