6 0.168275 0.241871 0.0252641 0.047207
6 0.76859 0.104288 0.0492641 0.0852526
21 0.21099 0.326917 0.0187591 0.0354972
6 0.413839 0.371084 0.011022 0.0190993
81 0.812358 0.0512019 0.050699 0.083848
46 0.582726 0.348174 0.0108099 0.0192138
81 0.21166 0.289205 0.0189143 0.0393645
6 0.170528 0.302363 0.00983257 0.026132
6 0.168275 0.241871 0.0252641 0.047207
6 0.76859 0.104288 0.0492641 0.0852526
21 0.21099 0.326917 0.0187591 0.0354972
6 0.413839 0.371084 0.011022 0.0190993
81 0.812358 0.0512019 0.050699 0.083848
46 0.582726 0.348174 0.0108099 0.0192138
81 0.21166 0.289205 0.0189143 0.0393645
6 0.170528 0.302363 0.00983257 0.026132
