6 0.168256 0.24189 0.0251223 0.0466868
6 0.768595 0.104231 0.0492125 0.0853413
21 0.211055 0.327062 0.0188175 0.0356941
6 0.413784 0.371093 0.0109129 0.0194156
46 0.582743 0.348189 0.0107651 0.0192932
81 0.812359 0.0512074 0.0507114 0.0839006
81 0.211721 0.289237 0.0189667 0.0393611
6 0.170562 0.302027 0.00978568 0.0267674
6 0.168256 0.24189 0.0251223 0.0466868
6 0.768595 0.104231 0.0492125 0.0853413
21 0.211055 0.327062 0.0188175 0.0356941
6 0.413784 0.371093 0.0109129 0.0194156
46 0.582743 0.348189 0.0107651 0.0192932
81 0.812359 0.0512074 0.0507114 0.0839006
81 0.211721 0.289237 0.0189667 0.0393611
6 0.170562 0.302027 0.00978568 0.0267674
