6 0.168305 0.241893 0.02527 0.0472816
6 0.768643 0.104259 0.0493086 0.0852034
21 0.210997 0.32701 0.0187194 0.0354307
6 0.413834 0.371119 0.0110128 0.0191296
81 0.81234 0.0512466 0.050795 0.0839188
46 0.582708 0.348167 0.0107257 0.0192727
81 0.211659 0.289178 0.0187791 0.0392872
25 0.58245 0.388026 0.0102262 0.0172082
6 0.17061 0.302407 0.00968165 0.0262317
6 0.168305 0.241893 0.02527 0.0472816
6 0.768643 0.104259 0.0493086 0.0852034
21 0.210997 0.32701 0.0187194 0.0354307
6 0.413834 0.371119 0.0110128 0.0191296
81 0.81234 0.0512466 0.050795 0.0839188
46 0.582708 0.348167 0.0107257 0.0192727
81 0.211659 0.289178 0.0187791 0.0392872
25 0.58245 0.388026 0.0102262 0.0172082
6 0.17061 0.302407 0.00968165 0.0262317
