81 0.591814 0.323146 0.0227546 0.0328133
0 0.589615 0.288115 0.02225 0.0383906
6 0.452509 0.190976 0.0209449 0.0367248
6 0.176907 0.383559 0.0131184 0.03338
39 0.723886 0.385157 0.0202795 0.0404951
6 0.138572 0.379519 0.0146924 0.0297936
6 0.307285 0.346878 0.0138687 0.026572
81 0.334466 0.375891 0.0104857 0.0210729
81 0.591814 0.323146 0.0227546 0.0328133
0 0.589615 0.288115 0.02225 0.0383906
6 0.452509 0.190976 0.0209449 0.0367248
6 0.176907 0.383559 0.0131184 0.03338
39 0.723886 0.385157 0.0202795 0.0404951
6 0.138572 0.379519 0.0146924 0.0297936
6 0.307285 0.346878 0.0138687 0.026572
81 0.334466 0.375891 0.0104857 0.0210729
