6 0.454928 0.173501 0.025955 0.0464971
6 0.309128 0.377597 0.0208354 0.0393582
25 0.0767206 0.158397 0.0433573 0.0843249
12 0.600345 0.272006 0.0221636 0.0372344
12 0.310525 0.341161 0.0162784 0.0270691
25 0.945538 0.276637 0.0242451 0.0556841
6 0.666599 0.375038 0.0101551 0.0189314
127 0.600921 0.236035 0.027636 0.0243637
6 0.454928 0.173501 0.025955 0.0464971
6 0.309128 0.377597 0.0208354 0.0393582
25 0.0767206 0.158397 0.0433573 0.0843249
12 0.600345 0.272006 0.0221636 0.0372344
12 0.310525 0.341161 0.0162784 0.0270691
25 0.945538 0.276637 0.0242451 0.0556841
6 0.666599 0.375038 0.0101551 0.0189314
127 0.600921 0.236035 0.027636 0.0243637
