6 0.168271 0.241902 0.0251899 0.0468657
6 0.768588 0.104189 0.0491962 0.085275
21 0.211054 0.327018 0.0187866 0.0355944
6 0.413825 0.371019 0.0110959 0.0192062
81 0.812382 0.0512424 0.0507002 0.0839256
46 0.582741 0.348205 0.0107725 0.0193069
81 0.21175 0.28927 0.0189578 0.0393799
6 0.170671 0.302337 0.00976224 0.0269395
6 0.168271 0.241902 0.0251899 0.0468657
6 0.768588 0.104189 0.0491962 0.085275
21 0.211054 0.327018 0.0187866 0.0355944
6 0.413825 0.371019 0.0110959 0.0192062
81 0.812382 0.0512424 0.0507002 0.0839256
46 0.582741 0.348205 0.0107725 0.0193069
81 0.21175 0.28927 0.0189578 0.0393799
6 0.170671 0.302337 0.00976224 0.0269395
