6 0.16817 0.241988 0.0251798 0.0470781
6 0.768662 0.104264 0.0496028 0.0854703
21 0.211046 0.327121 0.0185926 0.0359211
81 0.812372 0.051229 0.0507185 0.0840402
6 0.413867 0.371109 0.010998 0.0189273
46 0.582888 0.348047 0.0107985 0.0196172
81 0.211529 0.289243 0.019085 0.0392625
6 0.16817 0.241988 0.0251798 0.0470781
6 0.768662 0.104264 0.0496028 0.0854703
21 0.211046 0.327121 0.0185926 0.0359211
81 0.812372 0.051229 0.0507185 0.0840402
6 0.413867 0.371109 0.010998 0.0189273
46 0.582888 0.348047 0.0107985 0.0196172
81 0.211529 0.289243 0.019085 0.0392625
