81 0.771853 0.0965763 0.0461041 0.0757549
6 0.182088 0.26595 0.0244408 0.0455499
21 0.223424 0.347907 0.0184155 0.0353664
6 0.740768 0.139282 0.0463318 0.0786253
0 0.768219 0.0299241 0.0591202 0.0598481
6 0.414983 0.385004 0.0104952 0.017738
46 0.415224 0.367301 0.0101048 0.0168777
81 0.771853 0.0965763 0.0461041 0.0757549
6 0.182088 0.26595 0.0244408 0.0455499
21 0.223424 0.347907 0.0184155 0.0353664
6 0.740768 0.139282 0.0463318 0.0786253
0 0.768219 0.0299241 0.0591202 0.0598481
6 0.414983 0.385004 0.0104952 0.017738
46 0.415224 0.367301 0.0101048 0.0168777
