0 0.643951 0.19043 0.0343676 0.0593808
6 0.435069 0.0649862 0.0310162 0.0519508
6 0.252224 0.307567 0.0184426 0.0348061
6 0.0362787 0.359453 0.0188589 0.0418849
21 0.285954 0.370338 0.0138927 0.0243731
81 0.643482 0.245548 0.0294542 0.0527215
39 0.849986 0.346288 0.0263081 0.0603092
6 0.425209 0.393896 0.0101109 0.0183543
6 0.0606776 0.357837 0.0131474 0.0492601
0 0.643951 0.19043 0.0343676 0.0593808
6 0.435069 0.0649862 0.0310162 0.0519508
6 0.252224 0.307567 0.0184426 0.0348061
6 0.0362787 0.359453 0.0188589 0.0418849
21 0.285954 0.370338 0.0138927 0.0243731
81 0.643482 0.245548 0.0294542 0.0527215
39 0.849986 0.346288 0.0263081 0.0603092
6 0.425209 0.393896 0.0101109 0.0183543
6 0.0606776 0.357837 0.0131474 0.0492601
