6 0.168246 0.24188 0.0251351 0.0467989
6 0.768565 0.104217 0.0492739 0.0853322
21 0.211049 0.32701 0.0189023 0.035704
6 0.413768 0.371054 0.0109152 0.01943
46 0.58273 0.34819 0.0108038 0.0192782
81 0.812319 0.051191 0.0507189 0.0838863
81 0.211702 0.289195 0.018953 0.0393266
6 0.170676 0.3022 0.009673 0.0267801
6 0.168246 0.24188 0.0251351 0.0467989
6 0.768565 0.104217 0.0492739 0.0853322
21 0.211049 0.32701 0.0189023 0.035704
6 0.413768 0.371054 0.0109152 0.01943
46 0.58273 0.34819 0.0108038 0.0192782
81 0.812319 0.051191 0.0507189 0.0838863
81 0.211702 0.289195 0.018953 0.0393266
6 0.170676 0.3022 0.009673 0.0267801
