25 0.25246 0.274355 0.0270645 0.0491132
6 0.451311 0.231921 0.0196317 0.034677
6 0.336208 0.375017 0.0161955 0.0289407
12 0.336905 0.347977 0.0138388 0.0219135
12 0.557722 0.30402 0.0157557 0.0254974
25 0.731261 0.33696 0.0141742 0.0329848
6 0.633915 0.367079 0.00920658 0.016636
25 0.25246 0.274355 0.0270645 0.0491132
6 0.451311 0.231921 0.0196317 0.034677
6 0.336208 0.375017 0.0161955 0.0289407
12 0.336905 0.347977 0.0138388 0.0219135
12 0.557722 0.30402 0.0157557 0.0254974
25 0.731261 0.33696 0.0141742 0.0329848
6 0.633915 0.367079 0.00920658 0.016636
