0 0.713523 0.0928319 0.0487841 0.0815164
21 0.248031 0.360808 0.015875 0.0291086
81 0.716316 0.163808 0.0373215 0.0634216
6 0.208823 0.285963 0.0221674 0.0411059
6 0.698178 0.190387 0.0358349 0.0702672
6 0.419035 0.392612 0.0104395 0.017914
39 0.988572 0.32415 0.0224194 0.0899525
0 0.713523 0.0928319 0.0487841 0.0815164
21 0.248031 0.360808 0.015875 0.0291086
81 0.716316 0.163808 0.0373215 0.0634216
6 0.208823 0.285963 0.0221674 0.0411059
6 0.698178 0.190387 0.0358349 0.0702672
6 0.419035 0.392612 0.0104395 0.017914
39 0.988572 0.32415 0.0224194 0.0899525
