6 0.504877 0.325908 0.013278 0.0244352
46 0.889807 0.387987 0.0150579 0.033246
6 0.996123 0.428419 0.00775433 0.0254332
6 0.423799 0.419587 0.0131529 0.0224201
12 0.953609 0.235896 0.0212605 0.0531527
12 0.425745 0.399014 0.0119038 0.0204991
6 0.989326 0.337844 0.0105835 0.0233071
12 0.580191 0.375412 0.0122324 0.0197952
6 0.504877 0.325908 0.013278 0.0244352
46 0.889807 0.387987 0.0150579 0.033246
6 0.996123 0.428419 0.00775433 0.0254332
6 0.423799 0.419587 0.0131529 0.0224201
12 0.953609 0.235896 0.0212605 0.0531527
12 0.425745 0.399014 0.0119038 0.0204991
6 0.989326 0.337844 0.0105835 0.0233071
12 0.580191 0.375412 0.0122324 0.0197952
