6 0.45524 0.236009 0.0193932 0.035427
25 0.2663 0.27933 0.0259772 0.0461858
12 0.559073 0.306691 0.0157698 0.0243498
6 0.342528 0.374429 0.0167236 0.0290463
12 0.343448 0.347753 0.0134614 0.0214878
25 0.723985 0.343487 0.0114534 0.0294412
6 0.635312 0.367042 0.00938644 0.0166529
6 0.45524 0.236009 0.0193932 0.035427
25 0.2663 0.27933 0.0259772 0.0461858
12 0.559073 0.306691 0.0157698 0.0243498
6 0.342528 0.374429 0.0167236 0.0290463
12 0.343448 0.347753 0.0134614 0.0214878
25 0.723985 0.343487 0.0114534 0.0294412
6 0.635312 0.367042 0.00938644 0.0166529
