0 0.71119 0.0962442 0.0479706 0.0805636
6 0.21126 0.284854 0.0222116 0.0409662
21 0.249865 0.358989 0.0166313 0.0296098
81 0.714229 0.167091 0.0349756 0.062055
6 0.696132 0.192577 0.0351352 0.0698235
6 0.419424 0.391318 0.0108541 0.0194255
39 0.985794 0.325389 0.0281607 0.089888
0 0.71119 0.0962442 0.0479706 0.0805636
6 0.21126 0.284854 0.0222116 0.0409662
21 0.249865 0.358989 0.0166313 0.0296098
81 0.714229 0.167091 0.0349756 0.062055
6 0.696132 0.192577 0.0351352 0.0698235
6 0.419424 0.391318 0.0108541 0.0194255
39 0.985794 0.325389 0.0281607 0.089888
