31 0.830969 0.131787 0.0456339 0.0834825
34 0.837082 0.22106 0.0442268 0.0862575
0 0.563454 0.324588 0.0168199 0.0287493
6 0.23798 0.392337 0.0132595 0.0284442
6 0.457865 0.244779 0.0161565 0.0289255
6 0.198251 0.386936 0.0112256 0.0236253
28 0.640487 0.183554 0.0243546 0.0432396
28 0.210215 0.327904 0.0146515 0.0278114
6 0.337078 0.361534 0.0121032 0.0215724
31 0.830969 0.131787 0.0456339 0.0834825
34 0.837082 0.22106 0.0442268 0.0862575
0 0.563454 0.324588 0.0168199 0.0287493
6 0.23798 0.392337 0.0132595 0.0284442
6 0.457865 0.244779 0.0161565 0.0289255
6 0.198251 0.386936 0.0112256 0.0236253
28 0.640487 0.183554 0.0243546 0.0432396
28 0.210215 0.327904 0.0146515 0.0278114
6 0.337078 0.361534 0.0121032 0.0215724
