25 0.161755 0.194531 0.0351349 0.0644981
6 0.451563 0.179331 0.0226059 0.0412736
25 0.841925 0.286141 0.0189575 0.044887
6 0.318489 0.356873 0.0199819 0.0355541
12 0.31994 0.325227 0.0155128 0.0245158
12 0.58118 0.26801 0.0192634 0.0359798
6 0.651778 0.353065 0.0101305 0.0178519
25 0.161755 0.194531 0.0351349 0.0644981
6 0.451563 0.179331 0.0226059 0.0412736
25 0.841925 0.286141 0.0189575 0.044887
6 0.318489 0.356873 0.0199819 0.0355541
12 0.31994 0.325227 0.0155128 0.0245158
12 0.58118 0.26801 0.0192634 0.0359798
6 0.651778 0.353065 0.0101305 0.0178519
