25 0.290388 0.294702 0.0246869 0.0425607
6 0.463368 0.24723 0.0193892 0.034663
6 0.355002 0.379155 0.0164647 0.0287333
12 0.356386 0.352792 0.0134479 0.0224878
12 0.563119 0.313634 0.0135536 0.0227819
25 0.712695 0.349193 0.012496 0.0316581
128 0.562981 0.292484 0.0181702 0.0149584
25 0.290388 0.294702 0.0246869 0.0425607
6 0.463368 0.24723 0.0193892 0.034663
6 0.355002 0.379155 0.0164647 0.0287333
12 0.356386 0.352792 0.0134479 0.0224878
12 0.563119 0.313634 0.0135536 0.0227819
25 0.712695 0.349193 0.012496 0.0316581
128 0.562981 0.292484 0.0181702 0.0149584
