6 0.168238 0.241976 0.0252028 0.0473668
6 0.768666 0.104268 0.0495976 0.085484
21 0.211027 0.327104 0.0185861 0.0359104
81 0.812376 0.0512343 0.0507233 0.0840602
6 0.413819 0.371138 0.0108165 0.0188943
46 0.582861 0.348058 0.010813 0.019648
81 0.211539 0.289246 0.0191086 0.0392784
6 0.168238 0.241976 0.0252028 0.0473668
6 0.768666 0.104268 0.0495976 0.085484
21 0.211027 0.327104 0.0185861 0.0359104
81 0.812376 0.0512343 0.0507233 0.0840602
6 0.413819 0.371138 0.0108165 0.0188943
46 0.582861 0.348058 0.010813 0.019648
81 0.211539 0.289246 0.0191086 0.0392784
