31 0.737987 0.209293 0.0350397 0.0642186
0 0.552787 0.339356 0.0148649 0.0260556
34 0.74019 0.275683 0.0345112 0.0636484
6 0.255991 0.401446 0.0115175 0.0248715
6 0.457235 0.266149 0.0140671 0.0251272
6 0.216382 0.396132 0.0105067 0.020088
6 0.344802 0.372195 0.0115436 0.0199391
31 0.737987 0.209293 0.0350397 0.0642186
0 0.552787 0.339356 0.0148649 0.0260556
34 0.74019 0.275683 0.0345112 0.0636484
6 0.255991 0.401446 0.0115175 0.0248715
6 0.457235 0.266149 0.0140671 0.0251272
6 0.216382 0.396132 0.0105067 0.020088
6 0.344802 0.372195 0.0115436 0.0199391
