25 0.0167755 0.109971 0.0332485 0.0958568
6 0.302919 0.373621 0.0215564 0.0409029
6 0.456722 0.149498 0.0288138 0.0536712
12 0.613944 0.258098 0.0231699 0.0393825
12 0.303835 0.336074 0.0174838 0.0292666
6 0.675177 0.372911 0.010903 0.01946
127 0.613387 0.221416 0.0276797 0.0218997
128 0.613469 0.221979 0.0277143 0.0215574
25 0.0167755 0.109971 0.0332485 0.0958568
6 0.302919 0.373621 0.0215564 0.0409029
6 0.456722 0.149498 0.0288138 0.0536712
12 0.613944 0.258098 0.0231699 0.0393825
12 0.303835 0.336074 0.0174838 0.0292666
6 0.675177 0.372911 0.010903 0.01946
127 0.613387 0.221416 0.0276797 0.0218997
128 0.613469 0.221979 0.0277143 0.0215574
