25 0.0932003 0.168709 0.0430126 0.0806496
25 0.927251 0.281803 0.0241383 0.0544614
6 0.454737 0.179457 0.026034 0.0464895
6 0.311104 0.379232 0.0205684 0.0381892
12 0.597429 0.276701 0.0223879 0.0382555
12 0.312169 0.343378 0.0150576 0.0263062
6 0.664566 0.376861 0.0104021 0.0190211
127 0.598248 0.243092 0.0284006 0.0233351
25 0.0932003 0.168709 0.0430126 0.0806496
25 0.927251 0.281803 0.0241383 0.0544614
6 0.454737 0.179457 0.026034 0.0464895
6 0.311104 0.379232 0.0205684 0.0381892
12 0.597429 0.276701 0.0223879 0.0382555
12 0.312169 0.343378 0.0150576 0.0263062
6 0.664566 0.376861 0.0104021 0.0190211
127 0.598248 0.243092 0.0284006 0.0233351
