6 0.168237 0.24191 0.0252058 0.0469259
6 0.768564 0.104164 0.0492874 0.0854565
21 0.211028 0.326982 0.0188395 0.0356506
6 0.413766 0.371071 0.0108465 0.0194071
81 0.812335 0.0511821 0.0507381 0.0838757
46 0.58272 0.3482 0.0107825 0.0192474
81 0.211691 0.28916 0.0189137 0.0392316
25 0.582456 0.388249 0.0101576 0.0172282
6 0.170545 0.302098 0.00989847 0.026805
6 0.168237 0.24191 0.0252058 0.0469259
6 0.768564 0.104164 0.0492874 0.0854565
21 0.211028 0.326982 0.0188395 0.0356506
6 0.413766 0.371071 0.0108465 0.0194071
81 0.812335 0.0511821 0.0507381 0.0838757
46 0.58272 0.3482 0.0107825 0.0192474
81 0.211691 0.28916 0.0189137 0.0392316
25 0.582456 0.388249 0.0101576 0.0172282
6 0.170545 0.302098 0.00989847 0.026805
