0 0.693815 0.123064 0.0444942 0.0744256
81 0.696021 0.188398 0.0335381 0.0581091
6 0.220031 0.296212 0.0215077 0.0405758
21 0.257623 0.36807 0.0161952 0.0299295
81 0.257314 0.336387 0.0159739 0.0326218
6 0.420885 0.397047 0.010269 0.0176191
86 0.257365 0.33631 0.0162096 0.032666
0 0.693815 0.123064 0.0444942 0.0744256
81 0.696021 0.188398 0.0335381 0.0581091
6 0.220031 0.296212 0.0215077 0.0405758
21 0.257623 0.36807 0.0161952 0.0299295
81 0.257314 0.336387 0.0159739 0.0326218
6 0.420885 0.397047 0.010269 0.0176191
86 0.257365 0.33631 0.0162096 0.032666
