0 0.668725 0.159157 0.0397618 0.0679759
81 0.66879 0.219995 0.032985 0.0565091
6 0.431158 0.0265838 0.034686 0.0531677
6 0.236646 0.302451 0.0200715 0.0379356
6 0.00799498 0.362066 0.0159881 0.0438563
21 0.272509 0.370947 0.0149638 0.0271326
6 0.42358 0.396308 0.00980473 0.0172724
6 0.0239264 0.358318 0.012264 0.0519855
81 0.272338 0.341606 0.015844 0.0309188
0 0.668725 0.159157 0.0397618 0.0679759
81 0.66879 0.219995 0.032985 0.0565091
6 0.431158 0.0265838 0.034686 0.0531677
6 0.236646 0.302451 0.0200715 0.0379356
6 0.00799498 0.362066 0.0159881 0.0438563
21 0.272509 0.370947 0.0149638 0.0271326
6 0.42358 0.396308 0.00980473 0.0172724
6 0.0239264 0.358318 0.012264 0.0519855
81 0.272338 0.341606 0.015844 0.0309188
