6 0.168281 0.241868 0.0252865 0.0472945
6 0.768665 0.104283 0.0495314 0.0853218
21 0.210991 0.326934 0.018652 0.0353422
6 0.413837 0.371105 0.0110157 0.0191669
81 0.812368 0.0512286 0.0507196 0.0840905
46 0.582698 0.348078 0.0108516 0.0194223
81 0.211594 0.289121 0.0187715 0.0391836
6 0.170304 0.302828 0.00975409 0.0265894
6 0.168281 0.241868 0.0252865 0.0472945
6 0.768665 0.104283 0.0495314 0.0853218
21 0.210991 0.326934 0.018652 0.0353422
6 0.413837 0.371105 0.0110157 0.0191669
81 0.812368 0.0512286 0.0507196 0.0840905
46 0.582698 0.348078 0.0108516 0.0194223
81 0.211594 0.289121 0.0187715 0.0391836
6 0.170304 0.302828 0.00975409 0.0265894
