6 0.455193 0.21097 0.0193431 0.0339253
0 0.581185 0.300868 0.0202732 0.0368394
6 0.160285 0.384028 0.014376 0.0293791
6 0.199705 0.389042 0.012485 0.0321581
6 0.318582 0.353586 0.0124116 0.0234005
39 0.702413 0.38905 0.0198356 0.0376962
28 0.152598 0.307931 0.0174455 0.0345404
28 0.709684 0.0821205 0.0343794 0.0581214
81 0.583689 0.333379 0.0200476 0.0294055
21 0.344034 0.400523 0.0109187 0.0189586
6 0.455193 0.21097 0.0193431 0.0339253
0 0.581185 0.300868 0.0202732 0.0368394
6 0.160285 0.384028 0.014376 0.0293791
6 0.199705 0.389042 0.012485 0.0321581
6 0.318582 0.353586 0.0124116 0.0234005
39 0.702413 0.38905 0.0198356 0.0376962
28 0.152598 0.307931 0.0174455 0.0345404
28 0.709684 0.0821205 0.0343794 0.0581214
81 0.583689 0.333379 0.0200476 0.0294055
21 0.344034 0.400523 0.0109187 0.0189586
