0 0.586016 0.29003 0.0224756 0.039155
39 0.714374 0.382957 0.0196743 0.0385459
6 0.453797 0.195914 0.0200426 0.0353143
28 0.735402 0.0417361 0.0379929 0.064242
6 0.148539 0.379425 0.0143013 0.0294572
6 0.312623 0.346739 0.0135458 0.0257655
28 0.133581 0.297788 0.0179459 0.0367772
6 0.186991 0.383396 0.0136452 0.0343991
81 0.588434 0.324068 0.0216044 0.0307237
0 0.586016 0.29003 0.0224756 0.039155
39 0.714374 0.382957 0.0196743 0.0385459
6 0.453797 0.195914 0.0200426 0.0353143
28 0.735402 0.0417361 0.0379929 0.064242
6 0.148539 0.379425 0.0143013 0.0294572
6 0.312623 0.346739 0.0135458 0.0257655
28 0.133581 0.297788 0.0179459 0.0367772
6 0.186991 0.383396 0.0136452 0.0343991
81 0.588434 0.324068 0.0216044 0.0307237
