6 0.168279 0.241863 0.0252388 0.047205
6 0.768593 0.104275 0.0492615 0.0852301
21 0.211006 0.326923 0.0187609 0.0355537
6 0.413826 0.371062 0.0110231 0.0190796
81 0.812347 0.0511752 0.0507025 0.0838026
46 0.58273 0.348172 0.0108286 0.0192217
81 0.211662 0.28921 0.0188931 0.0393311
6 0.170543 0.302297 0.00971389 0.025899
6 0.168279 0.241863 0.0252388 0.047205
6 0.768593 0.104275 0.0492615 0.0852301
21 0.211006 0.326923 0.0187609 0.0355537
6 0.413826 0.371062 0.0110231 0.0190796
81 0.812347 0.0511752 0.0507025 0.0838026
46 0.58273 0.348172 0.0108286 0.0192217
81 0.211662 0.28921 0.0188931 0.0393311
6 0.170543 0.302297 0.00971389 0.025899
