25 0.140385 0.190191 0.0358449 0.0691527
6 0.452665 0.184278 0.0238624 0.0429772
6 0.315823 0.369311 0.0204984 0.0372202
12 0.586376 0.275234 0.0203775 0.035617
25 0.869467 0.289356 0.0194294 0.0496998
12 0.316283 0.335638 0.0160152 0.0274005
127 0.586585 0.243465 0.0251812 0.0193933
6 0.655953 0.365385 0.0100483 0.0174238
25 0.140385 0.190191 0.0358449 0.0691527
6 0.452665 0.184278 0.0238624 0.0429772
6 0.315823 0.369311 0.0204984 0.0372202
12 0.586376 0.275234 0.0203775 0.035617
25 0.869467 0.289356 0.0194294 0.0496998
12 0.316283 0.335638 0.0160152 0.0274005
127 0.586585 0.243465 0.0251812 0.0193933
6 0.655953 0.365385 0.0100483 0.0174238
