6 0.168182 0.241952 0.0252078 0.0471558
6 0.768711 0.10432 0.0497879 0.0857235
21 0.210951 0.327101 0.0187039 0.0360257
81 0.812421 0.0512315 0.0507847 0.0841146
6 0.413686 0.371009 0.0107507 0.0187994
81 0.21144 0.289209 0.0194306 0.039588
46 0.582894 0.348171 0.0108179 0.0196729
25 0.582487 0.388148 0.0105088 0.0183402
6 0.168182 0.241952 0.0252078 0.0471558
6 0.768711 0.10432 0.0497879 0.0857235
21 0.210951 0.327101 0.0187039 0.0360257
81 0.812421 0.0512315 0.0507847 0.0841146
6 0.413686 0.371009 0.0107507 0.0187994
81 0.21144 0.289209 0.0194306 0.039588
46 0.582894 0.348171 0.0108179 0.0196729
25 0.582487 0.388148 0.0105088 0.0183402
