6 0.168181 0.242015 0.0251554 0.0471272
6 0.768691 0.104303 0.0497936 0.0857534
21 0.211015 0.327105 0.0187717 0.0360099
6 0.413784 0.371147 0.01096 0.0189086
81 0.812434 0.0512017 0.0508251 0.0840769
46 0.582904 0.34819 0.0107357 0.0195826
81 0.211556 0.289318 0.0192786 0.0396651
25 0.582462 0.388109 0.01047 0.0181437
6 0.168181 0.242015 0.0251554 0.0471272
6 0.768691 0.104303 0.0497936 0.0857534
21 0.211015 0.327105 0.0187717 0.0360099
6 0.413784 0.371147 0.01096 0.0189086
81 0.812434 0.0512017 0.0508251 0.0840769
46 0.582904 0.34819 0.0107357 0.0195826
81 0.211556 0.289318 0.0192786 0.0396651
25 0.582462 0.388109 0.01047 0.0181437
