6 0.168354 0.241937 0.0253113 0.0472526
6 0.768605 0.104257 0.0492664 0.0853343
21 0.211037 0.326969 0.0187446 0.0355769
6 0.413811 0.371053 0.0110546 0.0191705
81 0.812399 0.0512055 0.0507385 0.0838952
46 0.582729 0.348184 0.0108116 0.0192571
81 0.211615 0.289163 0.0187703 0.0393006
6 0.170586 0.302457 0.00975594 0.0263788
6 0.168354 0.241937 0.0253113 0.0472526
6 0.768605 0.104257 0.0492664 0.0853343
21 0.211037 0.326969 0.0187446 0.0355769
6 0.413811 0.371053 0.0110546 0.0191705
81 0.812399 0.0512055 0.0507385 0.0838952
46 0.582729 0.348184 0.0108116 0.0192571
81 0.211615 0.289163 0.0187703 0.0393006
6 0.170586 0.302457 0.00975594 0.0263788
