0 0.609639 0.245444 0.0265277 0.0462931
6 0.443277 0.133473 0.0253162 0.043382
81 0.610329 0.288462 0.0238401 0.0390968
6 0.280176 0.323568 0.0159781 0.0303909
6 0.0894756 0.36298 0.0161417 0.0332531
21 0.309827 0.380823 0.0130025 0.0222495
6 0.123149 0.364801 0.0141304 0.0419771
39 0.772653 0.367951 0.0230103 0.0492342
0 0.609639 0.245444 0.0265277 0.0462931
6 0.443277 0.133473 0.0253162 0.043382
81 0.610329 0.288462 0.0238401 0.0390968
6 0.280176 0.323568 0.0159781 0.0303909
6 0.0894756 0.36298 0.0161417 0.0332531
21 0.309827 0.380823 0.0130025 0.0222495
6 0.123149 0.364801 0.0141304 0.0419771
39 0.772653 0.367951 0.0230103 0.0492342
