0 0.672228 0.152666 0.0400373 0.069483
81 0.671818 0.214254 0.0340614 0.056522
21 0.269732 0.369646 0.0149616 0.0275835
6 0.234005 0.301181 0.0204924 0.0385424
6 0.429134 0.0229254 0.0337715 0.0458509
6 0.00533977 0.36063 0.0106131 0.0458155
6 0.0175466 0.355727 0.0142287 0.0583433
6 0.00787087 0.358778 0.0157417 0.0525978
6 0.423148 0.395666 0.0100983 0.0172155
0 0.672228 0.152666 0.0400373 0.069483
81 0.671818 0.214254 0.0340614 0.056522
21 0.269732 0.369646 0.0149616 0.0275835
6 0.234005 0.301181 0.0204924 0.0385424
6 0.429134 0.0229254 0.0337715 0.0458509
6 0.00533977 0.36063 0.0106131 0.0458155
6 0.0175466 0.355727 0.0142287 0.0583433
6 0.00787087 0.358778 0.0157417 0.0525978
6 0.423148 0.395666 0.0100983 0.0172155
