31 0.730149 0.213569 0.0339922 0.0620024
6 0.256895 0.401654 0.0119257 0.0251737
34 0.732316 0.278337 0.0349017 0.0623594
0 0.551588 0.339425 0.0147791 0.0259159
6 0.217907 0.396114 0.0108221 0.0218731
28 0.609683 0.228731 0.0204138 0.0354617
6 0.345257 0.372495 0.0116461 0.020095
6 0.456851 0.267046 0.0138622 0.0245241
31 0.730149 0.213569 0.0339922 0.0620024
6 0.256895 0.401654 0.0119257 0.0251737
34 0.732316 0.278337 0.0349017 0.0623594
0 0.551588 0.339425 0.0147791 0.0259159
6 0.217907 0.396114 0.0108221 0.0218731
28 0.609683 0.228731 0.0204138 0.0354617
6 0.345257 0.372495 0.0116461 0.020095
6 0.456851 0.267046 0.0138622 0.0245241
