25 0.299696 0.302736 0.0236035 0.0403595
6 0.467062 0.253726 0.0192547 0.0348008
12 0.564243 0.321031 0.0139553 0.0254347
25 0.708768 0.357013 0.0127857 0.0345996
6 0.360522 0.383124 0.0157362 0.0273748
12 0.361196 0.35719 0.0134788 0.0224854
127 0.565236 0.299524 0.0191315 0.0159311
6 0.641862 0.374036 0.0101484 0.0177092
125 0.29957 0.335123 0.0240986 0.0233515
128 0.565385 0.299538 0.0188671 0.0155403
25 0.299696 0.302736 0.0236035 0.0403595
6 0.467062 0.253726 0.0192547 0.0348008
12 0.564243 0.321031 0.0139553 0.0254347
25 0.708768 0.357013 0.0127857 0.0345996
6 0.360522 0.383124 0.0157362 0.0273748
12 0.361196 0.35719 0.0134788 0.0224854
127 0.565236 0.299524 0.0191315 0.0159311
6 0.641862 0.374036 0.0101484 0.0177092
125 0.29957 0.335123 0.0240986 0.0233515
128 0.565385 0.299538 0.0188671 0.0155403
