6 0.456784 0.220454 0.0185808 0.0327489
0 0.576103 0.308524 0.0201568 0.0349953
6 0.324505 0.355507 0.0125445 0.0240817
28 0.170845 0.312668 0.0170028 0.0334107
6 0.172022 0.384537 0.0131066 0.0260795
81 0.577032 0.339636 0.0164583 0.0272699
6 0.21198 0.389171 0.0112095 0.0304617
42 0.68804 0.11622 0.0311266 0.0533479
21 0.349221 0.40153 0.0107244 0.0182893
6 0.456784 0.220454 0.0185808 0.0327489
0 0.576103 0.308524 0.0201568 0.0349953
6 0.324505 0.355507 0.0125445 0.0240817
28 0.170845 0.312668 0.0170028 0.0334107
6 0.172022 0.384537 0.0131066 0.0260795
81 0.577032 0.339636 0.0164583 0.0272699
6 0.21198 0.389171 0.0112095 0.0304617
42 0.68804 0.11622 0.0311266 0.0533479
21 0.349221 0.40153 0.0107244 0.0182893
