6 0.176178 0.259618 0.0243256 0.0460767
81 0.783875 0.0810592 0.0471958 0.0806066
6 0.749106 0.126888 0.0490732 0.0816862
21 0.218587 0.341957 0.0177859 0.034231
6 0.413739 0.380946 0.0109087 0.0185832
81 0.21854 0.30534 0.0187258 0.0387082
0 0.783948 0.0209362 0.0579893 0.0418725
46 0.579678 0.356472 0.0106787 0.0191952
6 0.176178 0.259618 0.0243256 0.0460767
81 0.783875 0.0810592 0.0471958 0.0806066
6 0.749106 0.126888 0.0490732 0.0816862
21 0.218587 0.341957 0.0177859 0.034231
6 0.413739 0.380946 0.0109087 0.0185832
81 0.21854 0.30534 0.0187258 0.0387082
0 0.783948 0.0209362 0.0579893 0.0418725
46 0.579678 0.356472 0.0106787 0.0191952
