0 0.573212 0.310399 0.0188293 0.032554
6 0.457662 0.224604 0.017536 0.0313701
31 0.975792 0.0458511 0.0478582 0.0917022
6 0.218215 0.38656 0.0130015 0.0327318
81 0.575876 0.339666 0.0186753 0.0266345
6 0.178551 0.382406 0.0128272 0.0262373
6 0.327741 0.354179 0.0119272 0.0220763
28 0.67606 0.131537 0.029333 0.0500214
28 0.180625 0.313939 0.0167902 0.0308502
34 0.982378 0.144465 0.035005 0.12066
0 0.573212 0.310399 0.0188293 0.032554
6 0.457662 0.224604 0.017536 0.0313701
31 0.975792 0.0458511 0.0478582 0.0917022
6 0.218215 0.38656 0.0130015 0.0327318
81 0.575876 0.339666 0.0186753 0.0266345
6 0.178551 0.382406 0.0128272 0.0262373
6 0.327741 0.354179 0.0119272 0.0220763
28 0.67606 0.131537 0.029333 0.0500214
28 0.180625 0.313939 0.0167902 0.0308502
34 0.982378 0.144465 0.035005 0.12066
