31 0.745613 0.203131 0.0362941 0.0661775
34 0.747958 0.271851 0.036154 0.0663229
0 0.553795 0.33797 0.0150249 0.0268138
6 0.254612 0.401585 0.0122642 0.0255762
6 0.457578 0.264706 0.0140205 0.0246793
6 0.214314 0.396474 0.0106945 0.0202218
81 0.553511 0.362322 0.0112488 0.0220223
39 0.644654 0.403487 0.0137774 0.0257172
31 0.745613 0.203131 0.0362941 0.0661775
34 0.747958 0.271851 0.036154 0.0663229
0 0.553795 0.33797 0.0150249 0.0268138
6 0.254612 0.401585 0.0122642 0.0255762
6 0.457578 0.264706 0.0140205 0.0246793
6 0.214314 0.396474 0.0106945 0.0202218
81 0.553511 0.362322 0.0112488 0.0220223
39 0.644654 0.403487 0.0137774 0.0257172
