6 0.168266 0.241928 0.025178 0.0468302
6 0.76857 0.104167 0.0492876 0.0854053
21 0.211019 0.327007 0.0188537 0.0357029
6 0.41381 0.37103 0.011076 0.0193882
81 0.812327 0.0512014 0.0507223 0.0838979
46 0.582731 0.348199 0.0107895 0.0192606
81 0.211694 0.289187 0.0188493 0.0393005
25 0.582452 0.388229 0.0101883 0.0172338
6 0.168266 0.241928 0.025178 0.0468302
6 0.76857 0.104167 0.0492876 0.0854053
21 0.211019 0.327007 0.0188537 0.0357029
6 0.41381 0.37103 0.011076 0.0193882
81 0.812327 0.0512014 0.0507223 0.0838979
46 0.582731 0.348199 0.0107895 0.0192606
81 0.211694 0.289187 0.0188493 0.0393005
25 0.582452 0.388229 0.0101883 0.0172338
