6 0.168206 0.241977 0.0251742 0.0471521
6 0.768663 0.104264 0.0496769 0.0855942
21 0.211051 0.327099 0.0185817 0.0359548
81 0.812329 0.0512244 0.0507347 0.0840132
46 0.582843 0.348086 0.0108219 0.0195958
6 0.413746 0.371156 0.010853 0.0189642
81 0.211557 0.289256 0.0191345 0.0393018
6 0.168206 0.241977 0.0251742 0.0471521
6 0.768663 0.104264 0.0496769 0.0855942
21 0.211051 0.327099 0.0185817 0.0359548
81 0.812329 0.0512244 0.0507347 0.0840132
46 0.582843 0.348086 0.0108219 0.0195958
6 0.413746 0.371156 0.010853 0.0189642
81 0.211557 0.289256 0.0191345 0.0393018
