6 0.504718 0.325638 0.0133501 0.0243072
12 0.956067 0.233301 0.0214756 0.0544378
6 0.423166 0.419381 0.0128434 0.0221848
46 0.891338 0.387782 0.0156395 0.0340596
6 0.996442 0.429028 0.00711613 0.0252497
6 0.990551 0.337439 0.0103651 0.0216055
12 0.579644 0.375098 0.0118183 0.0197929
6 0.504718 0.325638 0.0133501 0.0243072
12 0.956067 0.233301 0.0214756 0.0544378
6 0.423166 0.419381 0.0128434 0.0221848
46 0.891338 0.387782 0.0156395 0.0340596
6 0.996442 0.429028 0.00711613 0.0252497
6 0.990551 0.337439 0.0103651 0.0216055
12 0.579644 0.375098 0.0118183 0.0197929
