6 0.168312 0.241897 0.025283 0.0472616
6 0.768617 0.104207 0.0492477 0.085395
21 0.211046 0.327004 0.0187782 0.0355387
6 0.413821 0.371076 0.011031 0.0191335
81 0.81238 0.0512512 0.0506985 0.0838586
46 0.582722 0.348211 0.0107861 0.0192677
81 0.211753 0.289267 0.0189946 0.0393962
6 0.170654 0.302374 0.00971179 0.0270312
6 0.168312 0.241897 0.025283 0.0472616
6 0.768617 0.104207 0.0492477 0.085395
21 0.211046 0.327004 0.0187782 0.0355387
6 0.413821 0.371076 0.011031 0.0191335
81 0.81238 0.0512512 0.0506985 0.0838586
46 0.582722 0.348211 0.0107861 0.0192677
81 0.211753 0.289267 0.0189946 0.0393962
6 0.170654 0.302374 0.00971179 0.0270312
