6 0.168249 0.241907 0.0252428 0.0469163
6 0.768552 0.104186 0.0493002 0.0853785
21 0.211058 0.32701 0.0188794 0.0356772
6 0.413754 0.371051 0.0108919 0.0193942
46 0.582727 0.348203 0.0107971 0.0192841
81 0.812306 0.0511925 0.0507036 0.0838669
81 0.211711 0.289191 0.0189359 0.0392864
6 0.170703 0.302088 0.00965643 0.0265832
6 0.168249 0.241907 0.0252428 0.0469163
6 0.768552 0.104186 0.0493002 0.0853785
21 0.211058 0.32701 0.0188794 0.0356772
6 0.413754 0.371051 0.0108919 0.0193942
46 0.582727 0.348203 0.0107971 0.0192841
81 0.812306 0.0511925 0.0507036 0.0838669
81 0.211711 0.289191 0.0189359 0.0392864
6 0.170703 0.302088 0.00965643 0.0265832
