46 0.955517 0.37561 0.0165024 0.0392459
25 0.371622 0.35612 0.0176608 0.0335241
6 0.495354 0.302476 0.0147121 0.0255759
6 0.405231 0.40673 0.0130461 0.0233801
12 0.576929 0.356623 0.0113152 0.0187898
12 0.405218 0.384504 0.0120066 0.0204724
116 0.95585 0.409736 0.0127159 0.0267083
46 0.955517 0.37561 0.0165024 0.0392459
25 0.371622 0.35612 0.0176608 0.0335241
6 0.495354 0.302476 0.0147121 0.0255759
6 0.405231 0.40673 0.0130461 0.0233801
12 0.576929 0.356623 0.0113152 0.0187898
12 0.405218 0.384504 0.0120066 0.0204724
116 0.95585 0.409736 0.0127159 0.0267083
