6 0.168267 0.241848 0.0252567 0.0472184
6 0.768607 0.104286 0.0492704 0.0852583
21 0.210999 0.326971 0.0187227 0.0354907
6 0.413835 0.371087 0.0110028 0.0190782
81 0.812366 0.0512195 0.0507152 0.0839083
46 0.5827 0.348163 0.0107649 0.0191528
81 0.211666 0.289206 0.0189131 0.0393423
6 0.170472 0.302362 0.00999394 0.0263159
6 0.168267 0.241848 0.0252567 0.0472184
6 0.768607 0.104286 0.0492704 0.0852583
21 0.210999 0.326971 0.0187227 0.0354907
6 0.413835 0.371087 0.0110028 0.0190782
81 0.812366 0.0512195 0.0507152 0.0839083
46 0.5827 0.348163 0.0107649 0.0191528
81 0.211666 0.289206 0.0189131 0.0393423
6 0.170472 0.302362 0.00999394 0.0263159
