6 0.168287 0.241888 0.0252264 0.0472461
6 0.768654 0.104256 0.0492876 0.085213
21 0.210977 0.32703 0.0187022 0.0354655
6 0.413833 0.37112 0.0109933 0.0190789
81 0.812369 0.0512397 0.0507984 0.0839424
46 0.582706 0.34818 0.0107731 0.0193404
81 0.211662 0.289208 0.018826 0.0393071
6 0.1704 0.302292 0.00987887 0.0267677
25 0.582491 0.388157 0.0102264 0.017376
6 0.168287 0.241888 0.0252264 0.0472461
6 0.768654 0.104256 0.0492876 0.085213
21 0.210977 0.32703 0.0187022 0.0354655
6 0.413833 0.37112 0.0109933 0.0190789
81 0.812369 0.0512397 0.0507984 0.0839424
46 0.582706 0.34818 0.0107731 0.0193404
81 0.211662 0.289208 0.018826 0.0393071
6 0.1704 0.302292 0.00987887 0.0267677
25 0.582491 0.388157 0.0102264 0.017376
