6 0.16826 0.241923 0.0251959 0.0469099
6 0.768571 0.104182 0.0493353 0.0855318
21 0.211031 0.326991 0.0188512 0.0356699
6 0.413775 0.371064 0.0108424 0.0194043
81 0.812341 0.0511851 0.0507545 0.0838793
46 0.582724 0.348197 0.0107796 0.0192249
81 0.211697 0.289157 0.018892 0.0392559
25 0.582421 0.388262 0.0101645 0.0172188
6 0.17076 0.302055 0.00958896 0.0265967
6 0.16826 0.241923 0.0251959 0.0469099
6 0.768571 0.104182 0.0493353 0.0855318
21 0.211031 0.326991 0.0188512 0.0356699
6 0.413775 0.371064 0.0108424 0.0194043
81 0.812341 0.0511851 0.0507545 0.0838793
46 0.582724 0.348197 0.0107796 0.0192249
81 0.211697 0.289157 0.018892 0.0392559
25 0.582421 0.388262 0.0101645 0.0172188
6 0.17076 0.302055 0.00958896 0.0265967
