0 0.666407 0.160773 0.039229 0.0673865
81 0.665662 0.222038 0.0336039 0.0559999
6 0.237886 0.302614 0.0197638 0.0377726
6 0.431608 0.0283473 0.0347282 0.0551902
21 0.273608 0.369759 0.0147556 0.0267707
6 0.00989627 0.361342 0.0195653 0.0419366
6 0.423615 0.395626 0.009587 0.0165242
6 0.0273628 0.359019 0.011986 0.0476634
0 0.666407 0.160773 0.039229 0.0673865
81 0.665662 0.222038 0.0336039 0.0559999
6 0.237886 0.302614 0.0197638 0.0377726
6 0.431608 0.0283473 0.0347282 0.0551902
21 0.273608 0.369759 0.0147556 0.0267707
6 0.00989627 0.361342 0.0195653 0.0419366
6 0.423615 0.395626 0.009587 0.0165242
6 0.0273628 0.359019 0.011986 0.0476634
