6 0.1682 0.241983 0.0251565 0.04712
6 0.768661 0.104264 0.049663 0.0855995
21 0.211042 0.327107 0.0185552 0.0359212
46 0.582843 0.348076 0.0108315 0.0196114
81 0.812332 0.0512247 0.0507307 0.0840121
6 0.413751 0.371156 0.0108309 0.0189707
81 0.211547 0.289256 0.019123 0.0392774
6 0.1682 0.241983 0.0251565 0.04712
6 0.768661 0.104264 0.049663 0.0855995
21 0.211042 0.327107 0.0185552 0.0359212
46 0.582843 0.348076 0.0108315 0.0196114
81 0.812332 0.0512247 0.0507307 0.0840121
6 0.413751 0.371156 0.0108309 0.0189707
81 0.211547 0.289256 0.019123 0.0392774
