6 0.168243 0.241914 0.0251953 0.0468705
6 0.768571 0.104169 0.0492846 0.0854464
21 0.211046 0.32701 0.018883 0.03569
6 0.413825 0.371034 0.0110661 0.0193961
81 0.812327 0.0512006 0.0507238 0.0838866
46 0.582704 0.348235 0.0108113 0.0193144
81 0.211698 0.289197 0.018957 0.0392857
25 0.582471 0.388198 0.0101686 0.0172193
6 0.170545 0.302184 0.00991037 0.0264669
6 0.168243 0.241914 0.0251953 0.0468705
6 0.768571 0.104169 0.0492846 0.0854464
21 0.211046 0.32701 0.018883 0.03569
6 0.413825 0.371034 0.0110661 0.0193961
81 0.812327 0.0512006 0.0507238 0.0838866
46 0.582704 0.348235 0.0108113 0.0193144
81 0.211698 0.289197 0.018957 0.0392857
25 0.582471 0.388198 0.0101686 0.0172193
6 0.170545 0.302184 0.00991037 0.0264669
