6 0.168202 0.241907 0.0250972 0.0468269
6 0.768585 0.104257 0.0493752 0.0851837
21 0.211008 0.327224 0.0185634 0.0359688
81 0.812404 0.0511753 0.0507904 0.0841482
6 0.413904 0.371123 0.0109461 0.0188343
46 0.582811 0.348112 0.0107866 0.0193155
81 0.211607 0.289302 0.0192813 0.0392966
6 0.168202 0.241907 0.0250972 0.0468269
6 0.768585 0.104257 0.0493752 0.0851837
21 0.211008 0.327224 0.0185634 0.0359688
81 0.812404 0.0511753 0.0507904 0.0841482
6 0.413904 0.371123 0.0109461 0.0188343
46 0.582811 0.348112 0.0107866 0.0193155
81 0.211607 0.289302 0.0192813 0.0392966
