6 0.168193 0.242026 0.0251644 0.0471074
6 0.768666 0.104282 0.0496658 0.0856057
21 0.21106 0.327111 0.0185555 0.03591
81 0.812324 0.0512204 0.0507477 0.0840039
46 0.58286 0.348095 0.0108001 0.0195279
6 0.413744 0.371145 0.0108358 0.0189935
81 0.211557 0.289277 0.0191445 0.039307
6 0.168193 0.242026 0.0251644 0.0471074
6 0.768666 0.104282 0.0496658 0.0856057
21 0.21106 0.327111 0.0185555 0.03591
81 0.812324 0.0512204 0.0507477 0.0840039
46 0.58286 0.348095 0.0108001 0.0195279
6 0.413744 0.371145 0.0108358 0.0189935
81 0.211557 0.289277 0.0191445 0.039307
