6 0.168256 0.24193 0.0251903 0.0469101
6 0.768563 0.104149 0.0492947 0.0854428
21 0.211027 0.32699 0.0188585 0.0356859
6 0.413776 0.371071 0.0108599 0.0194263
81 0.812339 0.0511856 0.0507517 0.0838728
46 0.582727 0.348195 0.0107821 0.0192267
81 0.211694 0.289159 0.0189004 0.0392922
25 0.582428 0.388268 0.010164 0.0172284
6 0.168256 0.24193 0.0251903 0.0469101
6 0.768563 0.104149 0.0492947 0.0854428
21 0.211027 0.32699 0.0188585 0.0356859
6 0.413776 0.371071 0.0108599 0.0194263
81 0.812339 0.0511856 0.0507517 0.0838728
46 0.582727 0.348195 0.0107821 0.0192267
81 0.211694 0.289159 0.0189004 0.0392922
25 0.582428 0.388268 0.010164 0.0172284
