81 0.792283 0.0720907 0.0487407 0.0809437
6 0.754806 0.121202 0.0490476 0.0850402
6 0.173217 0.25695 0.0249831 0.0472587
21 0.21632 0.339528 0.0182779 0.0347617
6 0.413586 0.379842 0.0111716 0.0194802
81 0.215999 0.302359 0.0194483 0.0387799
0 0.790611 0.0164415 0.0517535 0.032883
81 0.792283 0.0720907 0.0487407 0.0809437
6 0.754806 0.121202 0.0490476 0.0850402
6 0.173217 0.25695 0.0249831 0.0472587
21 0.21632 0.339528 0.0182779 0.0347617
6 0.413586 0.379842 0.0111716 0.0194802
81 0.215999 0.302359 0.0194483 0.0387799
0 0.790611 0.0164415 0.0517535 0.032883
