6 0.168196 0.242014 0.0251672 0.0471606
6 0.768654 0.104294 0.0496981 0.0856455
21 0.211084 0.327143 0.0185591 0.0359888
81 0.812333 0.0512196 0.050737 0.0839931
46 0.582865 0.34812 0.0108263 0.0195723
6 0.413735 0.371108 0.010828 0.0189484
81 0.211553 0.289279 0.0191686 0.0393711
6 0.168196 0.242014 0.0251672 0.0471606
6 0.768654 0.104294 0.0496981 0.0856455
21 0.211084 0.327143 0.0185591 0.0359888
81 0.812333 0.0512196 0.050737 0.0839931
46 0.582865 0.34812 0.0108263 0.0195723
6 0.413735 0.371108 0.010828 0.0189484
81 0.211553 0.289279 0.0191686 0.0393711
