31 0.769878 0.182364 0.0388933 0.0707417
34 0.773163 0.257219 0.0384757 0.0714593
81 0.556877 0.360158 0.0138664 0.0229986
0 0.556861 0.335552 0.0159042 0.0269744
28 0.226156 0.339397 0.0141831 0.0262032
6 0.209307 0.394168 0.0121848 0.0235746
6 0.249218 0.399181 0.0117852 0.0266032
6 0.457542 0.259366 0.015187 0.0274563
31 0.769878 0.182364 0.0388933 0.0707417
34 0.773163 0.257219 0.0384757 0.0714593
81 0.556877 0.360158 0.0138664 0.0229986
0 0.556861 0.335552 0.0159042 0.0269744
28 0.226156 0.339397 0.0141831 0.0262032
6 0.209307 0.394168 0.0121848 0.0235746
6 0.249218 0.399181 0.0117852 0.0266032
6 0.457542 0.259366 0.015187 0.0274563
