0 0.661483 0.163832 0.0391315 0.0655437
81 0.660681 0.225858 0.0324891 0.060237
6 0.431889 0.0332044 0.0333158 0.0547788
6 0.240686 0.301662 0.0196053 0.0377836
21 0.276041 0.367894 0.0150557 0.0262632
6 0.0147167 0.359652 0.0199289 0.0410194
6 0.423786 0.391992 0.0101089 0.0177984
81 0.275651 0.338758 0.0153367 0.0296176
6 0.033693 0.356441 0.0129235 0.0503889
0 0.661483 0.163832 0.0391315 0.0655437
81 0.660681 0.225858 0.0324891 0.060237
6 0.431889 0.0332044 0.0333158 0.0547788
6 0.240686 0.301662 0.0196053 0.0377836
21 0.276041 0.367894 0.0150557 0.0262632
6 0.0147167 0.359652 0.0199289 0.0410194
6 0.423786 0.391992 0.0101089 0.0177984
81 0.275651 0.338758 0.0153367 0.0296176
6 0.033693 0.356441 0.0129235 0.0503889
