0 0.720533 0.0818593 0.0496218 0.0825104
6 0.204683 0.282583 0.0223083 0.0419083
81 0.724256 0.1548 0.0384967 0.065235
6 0.418311 0.391277 0.0107185 0.0188365
6 0.704045 0.182505 0.0367313 0.0676285
21 0.244053 0.358843 0.017236 0.0327209
81 0.243638 0.32449 0.0169175 0.0338576
0 0.720533 0.0818593 0.0496218 0.0825104
6 0.204683 0.282583 0.0223083 0.0419083
81 0.724256 0.1548 0.0384967 0.065235
6 0.418311 0.391277 0.0107185 0.0188365
6 0.704045 0.182505 0.0367313 0.0676285
21 0.244053 0.358843 0.017236 0.0327209
81 0.243638 0.32449 0.0169175 0.0338576
