6 0.16826 0.241908 0.0252065 0.046905
6 0.768594 0.1042 0.0491831 0.0852491
21 0.211051 0.327018 0.0187726 0.0355335
6 0.413843 0.371063 0.0110434 0.0190859
81 0.812382 0.0512424 0.0506958 0.0839133
46 0.582725 0.348222 0.0107261 0.0192305
81 0.21175 0.289278 0.0189978 0.039394
6 0.170654 0.302372 0.00970323 0.0269628
6 0.16826 0.241908 0.0252065 0.046905
6 0.768594 0.1042 0.0491831 0.0852491
21 0.211051 0.327018 0.0187726 0.0355335
6 0.413843 0.371063 0.0110434 0.0190859
81 0.812382 0.0512424 0.0506958 0.0839133
46 0.582725 0.348222 0.0107261 0.0192305
81 0.21175 0.289278 0.0189978 0.039394
6 0.170654 0.302372 0.00970323 0.0269628
