0 0.647082 0.18597 0.0359544 0.0618979
81 0.647298 0.242002 0.0288775 0.0521429
6 0.434846 0.0600227 0.0312342 0.0524101
6 0.250284 0.30651 0.019459 0.0355726
6 0.0321658 0.360091 0.0186599 0.0403776
21 0.284265 0.371098 0.0138424 0.0254527
6 0.425167 0.394443 0.0101121 0.0179412
6 0.0558021 0.357212 0.0126543 0.0494615
81 0.284291 0.343388 0.0146918 0.0289388
0 0.647082 0.18597 0.0359544 0.0618979
81 0.647298 0.242002 0.0288775 0.0521429
6 0.434846 0.0600227 0.0312342 0.0524101
6 0.250284 0.30651 0.019459 0.0355726
6 0.0321658 0.360091 0.0186599 0.0403776
21 0.284265 0.371098 0.0138424 0.0254527
6 0.425167 0.394443 0.0101121 0.0179412
6 0.0558021 0.357212 0.0126543 0.0494615
81 0.284291 0.343388 0.0146918 0.0289388
