0 0.657113 0.168412 0.0381571 0.0640325
81 0.657161 0.227683 0.031958 0.0569275
6 0.432212 0.0391183 0.032814 0.0535651
6 0.0187247 0.361189 0.0185571 0.0417852
6 0.24281 0.30278 0.0198136 0.0370538
21 0.278361 0.368624 0.0149096 0.0257156
6 0.424431 0.392253 0.0103161 0.0174086
6 0.039421 0.358749 0.0122756 0.0497082
0 0.657113 0.168412 0.0381571 0.0640325
81 0.657161 0.227683 0.031958 0.0569275
6 0.432212 0.0391183 0.032814 0.0535651
6 0.0187247 0.361189 0.0185571 0.0417852
6 0.24281 0.30278 0.0198136 0.0370538
21 0.278361 0.368624 0.0149096 0.0257156
6 0.424431 0.392253 0.0103161 0.0174086
6 0.039421 0.358749 0.0122756 0.0497082
