6 0.168304 0.241939 0.02523 0.0472152
6 0.768592 0.104239 0.0492369 0.0852826
21 0.211037 0.32696 0.0187421 0.0355742
6 0.4138 0.371042 0.0110524 0.0191662
81 0.812391 0.0511981 0.0507214 0.0838734
46 0.582725 0.348193 0.0108233 0.0192651
81 0.211625 0.289155 0.0187452 0.0392687
6 0.170616 0.302455 0.00969059 0.0262984
6 0.168304 0.241939 0.02523 0.0472152
6 0.768592 0.104239 0.0492369 0.0852826
21 0.211037 0.32696 0.0187421 0.0355742
6 0.4138 0.371042 0.0110524 0.0191662
81 0.812391 0.0511981 0.0507214 0.0838734
46 0.582725 0.348193 0.0108233 0.0192651
81 0.211625 0.289155 0.0187452 0.0392687
6 0.170616 0.302455 0.00969059 0.0262984
