6 0.168258 0.241931 0.0251649 0.0468346
6 0.768589 0.104228 0.049232 0.0853861
21 0.211053 0.327039 0.0188149 0.0356855
6 0.413785 0.371112 0.0109274 0.01948
81 0.812379 0.0512421 0.0507271 0.0838916
46 0.582748 0.348175 0.0107607 0.0192891
81 0.21172 0.289257 0.0189774 0.0394103
6 0.17065 0.302099 0.00963063 0.0268419
6 0.168258 0.241931 0.0251649 0.0468346
6 0.768589 0.104228 0.049232 0.0853861
21 0.211053 0.327039 0.0188149 0.0356855
6 0.413785 0.371112 0.0109274 0.01948
81 0.812379 0.0512421 0.0507271 0.0838916
46 0.582748 0.348175 0.0107607 0.0192891
81 0.21172 0.289257 0.0189774 0.0394103
6 0.17065 0.302099 0.00963063 0.0268419
