6 0.168256 0.241921 0.0251699 0.0468168
6 0.768586 0.104227 0.0492409 0.085373
21 0.211056 0.327036 0.0187908 0.0356356
6 0.413825 0.371051 0.0110649 0.0193189
46 0.582746 0.34818 0.0107691 0.0193094
81 0.812383 0.0512376 0.0507313 0.0839129
81 0.21173 0.289254 0.0189497 0.0393728
6 0.170623 0.302241 0.00977466 0.0268914
6 0.168256 0.241921 0.0251699 0.0468168
6 0.768586 0.104227 0.0492409 0.085373
21 0.211056 0.327036 0.0187908 0.0356356
6 0.413825 0.371051 0.0110649 0.0193189
46 0.582746 0.34818 0.0107691 0.0193094
81 0.812383 0.0512376 0.0507313 0.0839129
81 0.21173 0.289254 0.0189497 0.0393728
6 0.170623 0.302241 0.00977466 0.0268914
