6 0.168276 0.241865 0.0253021 0.0473275
6 0.768679 0.104259 0.049496 0.0853738
21 0.210978 0.326961 0.0187066 0.0353739
6 0.413817 0.371089 0.0110229 0.0191749
81 0.812369 0.0512416 0.0507335 0.0841178
46 0.582683 0.348081 0.010847 0.0194317
81 0.211598 0.289143 0.0187399 0.0392327
6 0.170338 0.302895 0.00960484 0.0262085
6 0.168276 0.241865 0.0253021 0.0473275
6 0.768679 0.104259 0.049496 0.0853738
21 0.210978 0.326961 0.0187066 0.0353739
6 0.413817 0.371089 0.0110229 0.0191749
81 0.812369 0.0512416 0.0507335 0.0841178
46 0.582683 0.348081 0.010847 0.0194317
81 0.211598 0.289143 0.0187399 0.0392327
6 0.170338 0.302895 0.00960484 0.0262085
