6 0.457764 0.147677 0.0290051 0.0516386
6 0.302186 0.373097 0.0220126 0.0406055
12 0.302792 0.335465 0.0178294 0.0303417
12 0.616953 0.257235 0.0224642 0.038934
25 0.0117277 0.10221 0.0234484 0.0948602
127 0.616112 0.221442 0.0282291 0.0222761
6 0.676719 0.373576 0.0108837 0.0191377
128 0.615781 0.221326 0.0277494 0.0226658
6 0.457764 0.147677 0.0290051 0.0516386
6 0.302186 0.373097 0.0220126 0.0406055
12 0.302792 0.335465 0.0178294 0.0303417
12 0.616953 0.257235 0.0224642 0.038934
25 0.0117277 0.10221 0.0234484 0.0948602
127 0.616112 0.221442 0.0282291 0.0222761
6 0.676719 0.373576 0.0108837 0.0191377
128 0.615781 0.221326 0.0277494 0.0226658
