6 0.168178 0.241979 0.0251846 0.0470719
6 0.76869 0.104271 0.0498768 0.0859148
21 0.210963 0.327113 0.0187555 0.0360948
81 0.812406 0.0510722 0.0508072 0.0840154
6 0.413679 0.371 0.0107435 0.0187263
46 0.58287 0.348105 0.0108578 0.0197082
81 0.211376 0.28918 0.019267 0.0393661
25 0.582502 0.388154 0.0105064 0.0183339
6 0.168178 0.241979 0.0251846 0.0470719
6 0.76869 0.104271 0.0498768 0.0859148
21 0.210963 0.327113 0.0187555 0.0360948
81 0.812406 0.0510722 0.0508072 0.0840154
6 0.413679 0.371 0.0107435 0.0187263
46 0.58287 0.348105 0.0108578 0.0197082
81 0.211376 0.28918 0.019267 0.0393661
25 0.582502 0.388154 0.0105064 0.0183339
