0 0.677383 0.144875 0.0406558 0.0706062
81 0.678115 0.207753 0.0336961 0.0566723
6 0.230852 0.297933 0.020414 0.0383756
21 0.267132 0.367093 0.0153772 0.0273744
6 0.422594 0.394669 0.0100569 0.0170591
6 0.428172 0.0185818 0.0339518 0.0371636
6 0.00896501 0.355484 0.0162664 0.0513745
6 0.0039904 0.356818 0.00780508 0.0468493
81 0.267007 0.337138 0.015941 0.0308906
6 0.00660516 0.356103 0.0126584 0.0487989
0 0.677383 0.144875 0.0406558 0.0706062
81 0.678115 0.207753 0.0336961 0.0566723
6 0.230852 0.297933 0.020414 0.0383756
21 0.267132 0.367093 0.0153772 0.0273744
6 0.422594 0.394669 0.0100569 0.0170591
6 0.428172 0.0185818 0.0339518 0.0371636
6 0.00896501 0.355484 0.0162664 0.0513745
6 0.0039904 0.356818 0.00780508 0.0468493
81 0.267007 0.337138 0.015941 0.0308906
6 0.00660516 0.356103 0.0126584 0.0487989
