0 0.68183 0.140387 0.0428017 0.073759
81 0.682667 0.202726 0.0330215 0.0550059
21 0.265287 0.368078 0.0155649 0.0290302
6 0.228174 0.29807 0.0203073 0.0394349
6 0.00586143 0.356435 0.0117229 0.0550026
6 0.422386 0.395903 0.00979004 0.016302
81 0.26456 0.337348 0.0161586 0.0311727
0 0.68183 0.140387 0.0428017 0.073759
81 0.682667 0.202726 0.0330215 0.0550059
21 0.265287 0.368078 0.0155649 0.0290302
6 0.228174 0.29807 0.0203073 0.0394349
6 0.00586143 0.356435 0.0117229 0.0550026
6 0.422386 0.395903 0.00979004 0.016302
81 0.26456 0.337348 0.0161586 0.0311727
