25 0.209653 0.241392 0.0315912 0.0572665
6 0.448753 0.20981 0.0210423 0.0373572
6 0.32469 0.368829 0.0172536 0.0318051
12 0.326233 0.339165 0.0140502 0.0237701
25 0.779236 0.314156 0.0145156 0.0419295
12 0.567273 0.28791 0.0163322 0.0287622
6 0.640572 0.361512 0.00983219 0.0178084
25 0.209653 0.241392 0.0315912 0.0572665
6 0.448753 0.20981 0.0210423 0.0373572
6 0.32469 0.368829 0.0172536 0.0318051
12 0.326233 0.339165 0.0140502 0.0237701
25 0.779236 0.314156 0.0145156 0.0419295
12 0.567273 0.28791 0.0163322 0.0287622
6 0.640572 0.361512 0.00983219 0.0178084
