81 0.621494 0.270733 0.025886 0.0435522
0 0.620848 0.223702 0.0296135 0.0524696
6 0.438851 0.104576 0.0281714 0.047085
6 0.267232 0.314317 0.017101 0.0328952
6 0.0662583 0.357593 0.0174114 0.0362263
6 0.0962975 0.358546 0.0131404 0.0441349
6 0.425479 0.394589 0.00983295 0.0173208
81 0.621494 0.270733 0.025886 0.0435522
0 0.620848 0.223702 0.0296135 0.0524696
6 0.438851 0.104576 0.0281714 0.047085
6 0.267232 0.314317 0.017101 0.0328952
6 0.0662583 0.357593 0.0174114 0.0362263
6 0.0962975 0.358546 0.0131404 0.0441349
6 0.425479 0.394589 0.00983295 0.0173208
