81 0.753552 0.118564 0.0427592 0.0721149
0 0.750738 0.0417733 0.0561049 0.0835466
6 0.727394 0.155954 0.0442654 0.0768328
6 0.190024 0.269768 0.0233127 0.0439755
21 0.231058 0.349511 0.0169542 0.0342667
6 0.415636 0.386001 0.0104832 0.0178906
81 0.230891 0.313895 0.018133 0.0359277
81 0.753552 0.118564 0.0427592 0.0721149
0 0.750738 0.0417733 0.0561049 0.0835466
6 0.727394 0.155954 0.0442654 0.0768328
6 0.190024 0.269768 0.0233127 0.0439755
21 0.231058 0.349511 0.0169542 0.0342667
6 0.415636 0.386001 0.0104832 0.0178906
81 0.230891 0.313895 0.018133 0.0359277
