46 0.899005 0.385452 0.0154663 0.0348589
6 0.503592 0.322444 0.0136282 0.0240766
6 0.421102 0.417713 0.0117541 0.021568
12 0.971001 0.227223 0.0218378 0.0578295
127 0.968578 0.186985 0.0244648 0.0293271
12 0.421649 0.397004 0.0121749 0.0203677
12 0.577851 0.371472 0.0108544 0.0186988
46 0.899005 0.385452 0.0154663 0.0348589
6 0.503592 0.322444 0.0136282 0.0240766
6 0.421102 0.417713 0.0117541 0.021568
12 0.971001 0.227223 0.0218378 0.0578295
127 0.968578 0.186985 0.0244648 0.0293271
12 0.421649 0.397004 0.0121749 0.0203677
12 0.577851 0.371472 0.0108544 0.0186988
