6 0.168298 0.241876 0.0252721 0.0472982
6 0.768642 0.104247 0.0493237 0.0851813
21 0.211002 0.327004 0.0187521 0.0355057
6 0.413841 0.371126 0.0110027 0.0191121
81 0.812356 0.0512535 0.0507616 0.08399
46 0.582713 0.348197 0.0107535 0.0193197
81 0.211682 0.289168 0.0187998 0.0392738
6 0.170568 0.302542 0.00969157 0.0266498
25 0.582505 0.388063 0.0102415 0.0172746
6 0.168298 0.241876 0.0252721 0.0472982
6 0.768642 0.104247 0.0493237 0.0851813
21 0.211002 0.327004 0.0187521 0.0355057
6 0.413841 0.371126 0.0110027 0.0191121
81 0.812356 0.0512535 0.0507616 0.08399
46 0.582713 0.348197 0.0107535 0.0193197
81 0.211682 0.289168 0.0187998 0.0392738
6 0.170568 0.302542 0.00969157 0.0266498
25 0.582505 0.388063 0.0102415 0.0172746
