6 0.168271 0.241884 0.0251327 0.0467345
6 0.768594 0.104198 0.0491507 0.0852578
21 0.211063 0.327045 0.0187675 0.0355904
6 0.413833 0.371037 0.0110883 0.0192464
81 0.812372 0.0512291 0.0506828 0.0839517
46 0.582732 0.348154 0.0107439 0.0192371
81 0.211747 0.289272 0.018958 0.03938
6 0.168271 0.241884 0.0251327 0.0467345
6 0.768594 0.104198 0.0491507 0.0852578
21 0.211063 0.327045 0.0187675 0.0355904
6 0.413833 0.371037 0.0110883 0.0192464
81 0.812372 0.0512291 0.0506828 0.0839517
46 0.582732 0.348154 0.0107439 0.0192371
81 0.211747 0.289272 0.018958 0.03938
