0 0.601117 0.261213 0.0254658 0.0439177
6 0.447334 0.155298 0.0235587 0.0407694
6 0.109772 0.365808 0.0153491 0.0321791
81 0.602426 0.301029 0.0232438 0.0363306
28 0.0689478 0.266679 0.0192524 0.0442588
6 0.291705 0.33049 0.0152615 0.0290254
6 0.145816 0.368753 0.0139853 0.0402671
39 0.750989 0.372573 0.0228798 0.0462943
0 0.601117 0.261213 0.0254658 0.0439177
6 0.447334 0.155298 0.0235587 0.0407694
6 0.109772 0.365808 0.0153491 0.0321791
81 0.602426 0.301029 0.0232438 0.0363306
28 0.0689478 0.266679 0.0192524 0.0442588
6 0.291705 0.33049 0.0152615 0.0290254
6 0.145816 0.368753 0.0139853 0.0402671
39 0.750989 0.372573 0.0228798 0.0462943
