0 0.606587 0.252047 0.0268515 0.0453633
6 0.444958 0.142178 0.0238398 0.0413856
6 0.284495 0.326166 0.0159374 0.0307283
81 0.607532 0.293745 0.0234549 0.0380615
6 0.0972361 0.36378 0.0154968 0.0336726
39 0.764864 0.369437 0.0226051 0.0466716
6 0.131763 0.366695 0.013819 0.0425903
28 0.0463174 0.258753 0.018752 0.0472352
0 0.606587 0.252047 0.0268515 0.0453633
6 0.444958 0.142178 0.0238398 0.0413856
6 0.284495 0.326166 0.0159374 0.0307283
81 0.607532 0.293745 0.0234549 0.0380615
6 0.0972361 0.36378 0.0154968 0.0336726
39 0.764864 0.369437 0.0226051 0.0466716
6 0.131763 0.366695 0.013819 0.0425903
28 0.0463174 0.258753 0.018752 0.0472352
