31 0.674141 0.254262 0.0280108 0.0502472
34 0.6748 0.306608 0.0279007 0.0502789
0 0.539076 0.344736 0.0136345 0.0239286
28 0.251627 0.349785 0.0125448 0.0231611
39 0.620888 0.402605 0.0127246 0.0235721
6 0.227064 0.395608 0.00962963 0.019192
6 0.266322 0.400809 0.0110421 0.0246902
6 0.451838 0.276517 0.0131037 0.0229144
31 0.674141 0.254262 0.0280108 0.0502472
34 0.6748 0.306608 0.0279007 0.0502789
0 0.539076 0.344736 0.0136345 0.0239286
28 0.251627 0.349785 0.0125448 0.0231611
39 0.620888 0.402605 0.0127246 0.0235721
6 0.227064 0.395608 0.00962963 0.019192
6 0.266322 0.400809 0.0110421 0.0246902
6 0.451838 0.276517 0.0131037 0.0229144
