81 0.659538 0.226076 0.0324326 0.0599195
0 0.660021 0.165453 0.0374221 0.0650242
6 0.43193 0.0347116 0.0331961 0.05485
6 0.241222 0.30206 0.0194635 0.0375247
6 0.0160533 0.360104 0.0191863 0.040752
21 0.27683 0.368054 0.0145806 0.0256431
6 0.424137 0.391882 0.010252 0.0182408
81 0.659538 0.226076 0.0324326 0.0599195
0 0.660021 0.165453 0.0374221 0.0650242
6 0.43193 0.0347116 0.0331961 0.05485
6 0.241222 0.30206 0.0194635 0.0375247
6 0.0160533 0.360104 0.0191863 0.040752
21 0.27683 0.368054 0.0145806 0.0256431
6 0.424137 0.391882 0.010252 0.0182408
