6 0.168231 0.241897 0.0252054 0.0468488
6 0.768543 0.104164 0.0493206 0.085397
21 0.211076 0.327004 0.0188763 0.0356565
6 0.413759 0.371057 0.0108702 0.0193776
81 0.812314 0.0511882 0.0507084 0.0838747
46 0.582705 0.348203 0.0107899 0.0192452
81 0.211723 0.289181 0.0189152 0.0392163
6 0.170649 0.302052 0.00972235 0.0264019
6 0.168231 0.241897 0.0252054 0.0468488
6 0.768543 0.104164 0.0493206 0.085397
21 0.211076 0.327004 0.0188763 0.0356565
6 0.413759 0.371057 0.0108702 0.0193776
81 0.812314 0.0511882 0.0507084 0.0838747
46 0.582705 0.348203 0.0107899 0.0192452
81 0.211723 0.289181 0.0189152 0.0392163
6 0.170649 0.302052 0.00972235 0.0264019
