6 0.168248 0.241911 0.0251963 0.0469206
6 0.768574 0.104185 0.0493371 0.0855289
21 0.211015 0.327006 0.0188495 0.0356825
6 0.413752 0.371077 0.0108812 0.0194458
81 0.812332 0.0511865 0.0507458 0.0839016
46 0.582728 0.348207 0.0107899 0.0192618
81 0.211698 0.289158 0.0189379 0.0392505
25 0.582474 0.388257 0.0101612 0.0172197
6 0.170536 0.301976 0.00988836 0.0264044
6 0.168248 0.241911 0.0251963 0.0469206
6 0.768574 0.104185 0.0493371 0.0855289
21 0.211015 0.327006 0.0188495 0.0356825
6 0.413752 0.371077 0.0108812 0.0194458
81 0.812332 0.0511865 0.0507458 0.0839016
46 0.582728 0.348207 0.0107899 0.0192618
81 0.211698 0.289158 0.0189379 0.0392505
25 0.582474 0.388257 0.0101612 0.0172197
6 0.170536 0.301976 0.00988836 0.0264044
