6 0.168205 0.241966 0.0251614 0.0470826
6 0.768679 0.104283 0.0495817 0.0855017
21 0.211022 0.327087 0.0185844 0.0358112
81 0.812375 0.0512425 0.0507362 0.0840867
6 0.413883 0.371111 0.0109768 0.01889
46 0.582853 0.348044 0.0108011 0.0196584
81 0.211543 0.289238 0.0191253 0.0392595
6 0.168205 0.241966 0.0251614 0.0470826
6 0.768679 0.104283 0.0495817 0.0855017
21 0.211022 0.327087 0.0185844 0.0358112
81 0.812375 0.0512425 0.0507362 0.0840867
6 0.413883 0.371111 0.0109768 0.01889
46 0.582853 0.348044 0.0108011 0.0196584
81 0.211543 0.289238 0.0191253 0.0392595
