28 0.086835 0.277155 0.0192896 0.0429493
0 0.596628 0.271524 0.0235197 0.0420162
6 0.44904 0.168857 0.0226844 0.0389102
81 0.598005 0.308977 0.0221877 0.0343547
39 0.740514 0.377008 0.0215307 0.0431115
6 0.297166 0.336216 0.0151593 0.0290003
6 0.120354 0.370975 0.0147672 0.031537
6 0.157161 0.374636 0.0140444 0.0352487
28 0.086835 0.277155 0.0192896 0.0429493
0 0.596628 0.271524 0.0235197 0.0420162
6 0.44904 0.168857 0.0226844 0.0389102
81 0.598005 0.308977 0.0221877 0.0343547
39 0.740514 0.377008 0.0215307 0.0431115
6 0.297166 0.336216 0.0151593 0.0290003
6 0.120354 0.370975 0.0147672 0.031537
6 0.157161 0.374636 0.0140444 0.0352487
