6 0.168328 0.241916 0.0252036 0.0472139
6 0.768595 0.104248 0.0492407 0.0853012
21 0.21103 0.326963 0.0187462 0.0355651
6 0.413796 0.371031 0.0110584 0.0191806
81 0.812395 0.0512041 0.0507349 0.0838924
46 0.582733 0.34819 0.0108284 0.0192441
81 0.211613 0.289161 0.0187551 0.0392769
6 0.17066 0.302434 0.0097014 0.0265324
6 0.168328 0.241916 0.0252036 0.0472139
6 0.768595 0.104248 0.0492407 0.0853012
21 0.21103 0.326963 0.0187462 0.0355651
6 0.413796 0.371031 0.0110584 0.0191806
81 0.812395 0.0512041 0.0507349 0.0838924
46 0.582733 0.34819 0.0108284 0.0192441
81 0.211613 0.289161 0.0187551 0.0392769
6 0.17066 0.302434 0.0097014 0.0265324
