6 0.168252 0.241876 0.0251435 0.0467286
6 0.768602 0.104225 0.0492066 0.0853045
21 0.211057 0.32704 0.0187884 0.0356254
6 0.413799 0.371106 0.0109443 0.0194678
81 0.812372 0.0512288 0.050708 0.0839757
46 0.582723 0.348129 0.0107609 0.0192781
81 0.211723 0.289263 0.0189954 0.0393837
6 0.168252 0.241876 0.0251435 0.0467286
6 0.768602 0.104225 0.0492066 0.0853045
21 0.211057 0.32704 0.0187884 0.0356254
6 0.413799 0.371106 0.0109443 0.0194678
81 0.812372 0.0512288 0.050708 0.0839757
46 0.582723 0.348129 0.0107609 0.0192781
81 0.211723 0.289263 0.0189954 0.0393837
