25 0.263 0.278815 0.0255197 0.0465691
6 0.454434 0.234465 0.0194273 0.0348723
25 0.725241 0.344434 0.013179 0.0273056
12 0.558762 0.306308 0.0157557 0.0243269
6 0.340741 0.37414 0.0165098 0.0291999
6 0.634482 0.367352 0.00904016 0.0161274
12 0.341926 0.347468 0.0125251 0.0211772
25 0.263 0.278815 0.0255197 0.0465691
6 0.454434 0.234465 0.0194273 0.0348723
25 0.725241 0.344434 0.013179 0.0273056
12 0.558762 0.306308 0.0157557 0.0243269
6 0.340741 0.37414 0.0165098 0.0291999
6 0.634482 0.367352 0.00904016 0.0161274
12 0.341926 0.347468 0.0125251 0.0211772
