81 0.773533 0.0937913 0.0465487 0.0763258
6 0.181122 0.265218 0.0243135 0.0452367
6 0.741922 0.138267 0.0474262 0.0828262
21 0.222886 0.346992 0.018134 0.0345293
0 0.770478 0.0283467 0.0591356 0.0566933
6 0.414851 0.384043 0.0105861 0.0176748
81 0.223097 0.310133 0.0188218 0.037527
46 0.414806 0.366226 0.00993261 0.0164925
81 0.773533 0.0937913 0.0465487 0.0763258
6 0.181122 0.265218 0.0243135 0.0452367
6 0.741922 0.138267 0.0474262 0.0828262
21 0.222886 0.346992 0.018134 0.0345293
0 0.770478 0.0283467 0.0591356 0.0566933
6 0.414851 0.384043 0.0105861 0.0176748
81 0.223097 0.310133 0.0188218 0.037527
46 0.414806 0.366226 0.00993261 0.0164925
