46 0.881304 0.387003 0.0145157 0.0346268
6 0.506068 0.327482 0.0132824 0.0237392
6 0.992671 0.425689 0.0126469 0.0256699
12 0.9377 0.237933 0.0223507 0.052848
127 0.935581 0.200437 0.023727 0.0233014
6 0.426245 0.420318 0.012298 0.0210932
12 0.579659 0.375357 0.0101784 0.0183963
6 0.983781 0.334634 0.00977211 0.0213597
46 0.881304 0.387003 0.0145157 0.0346268
6 0.506068 0.327482 0.0132824 0.0237392
6 0.992671 0.425689 0.0126469 0.0256699
12 0.9377 0.237933 0.0223507 0.052848
127 0.935581 0.200437 0.023727 0.0233014
6 0.426245 0.420318 0.012298 0.0210932
12 0.579659 0.375357 0.0101784 0.0183963
6 0.983781 0.334634 0.00977211 0.0213597
