0 0.619568 0.225133 0.0304669 0.0525275
6 0.439028 0.106655 0.0276962 0.0467043
81 0.620922 0.272523 0.026116 0.0432389
6 0.268305 0.314595 0.0169059 0.0323181
6 0.0681642 0.357228 0.0170521 0.0375489
6 0.0986986 0.358426 0.0133745 0.0450805
21 0.299611 0.373287 0.0129314 0.0224243
6 0.42564 0.394252 0.00991287 0.0176152
0 0.619568 0.225133 0.0304669 0.0525275
6 0.439028 0.106655 0.0276962 0.0467043
81 0.620922 0.272523 0.026116 0.0432389
6 0.268305 0.314595 0.0169059 0.0323181
6 0.0681642 0.357228 0.0170521 0.0375489
6 0.0986986 0.358426 0.0133745 0.0450805
21 0.299611 0.373287 0.0129314 0.0224243
6 0.42564 0.394252 0.00991287 0.0176152
