6 0.168288 0.241924 0.0253041 0.0472591
6 0.768612 0.104199 0.0492575 0.0853989
21 0.211054 0.326976 0.0187718 0.0355749
6 0.41381 0.371061 0.0110588 0.0191727
81 0.812383 0.0512247 0.0507067 0.0838955
46 0.582725 0.348233 0.010808 0.0192673
81 0.211646 0.289174 0.0187761 0.0392691
6 0.170603 0.302496 0.00981956 0.026708
25 0.582368 0.388179 0.0102075 0.017298
6 0.168288 0.241924 0.0253041 0.0472591
6 0.768612 0.104199 0.0492575 0.0853989
21 0.211054 0.326976 0.0187718 0.0355749
6 0.41381 0.371061 0.0110588 0.0191727
81 0.812383 0.0512247 0.0507067 0.0838955
46 0.582725 0.348233 0.010808 0.0192673
81 0.211646 0.289174 0.0187761 0.0392691
6 0.170603 0.302496 0.00981956 0.026708
25 0.582368 0.388179 0.0102075 0.017298
