6 0.168209 0.241999 0.0252024 0.0471976
6 0.768669 0.104309 0.0497692 0.0856703
21 0.211049 0.327136 0.0185786 0.0359647
6 0.413707 0.371141 0.0107956 0.0188778
81 0.812382 0.0511977 0.0508104 0.0840667
46 0.58279 0.348174 0.0108178 0.019671
81 0.211508 0.289296 0.0190416 0.0393196
25 0.582361 0.388402 0.010508 0.0181619
6 0.168209 0.241999 0.0252024 0.0471976
6 0.768669 0.104309 0.0497692 0.0856703
21 0.211049 0.327136 0.0185786 0.0359647
6 0.413707 0.371141 0.0107956 0.0188778
81 0.812382 0.0511977 0.0508104 0.0840667
46 0.58279 0.348174 0.0108178 0.019671
81 0.211508 0.289296 0.0190416 0.0393196
25 0.582361 0.388402 0.010508 0.0181619
