6 0.168268 0.241937 0.0251746 0.0468354
6 0.768564 0.104171 0.0493048 0.0854285
21 0.211024 0.327003 0.0188509 0.0357003
6 0.413825 0.371022 0.0110708 0.0193886
81 0.812326 0.0512009 0.0507498 0.0839173
46 0.582731 0.348195 0.0107897 0.0192515
81 0.211693 0.289156 0.01892 0.0392906
25 0.582451 0.388256 0.0101919 0.0172375
6 0.170585 0.302164 0.00979094 0.026779
6 0.168268 0.241937 0.0251746 0.0468354
6 0.768564 0.104171 0.0493048 0.0854285
21 0.211024 0.327003 0.0188509 0.0357003
6 0.413825 0.371022 0.0110708 0.0193886
81 0.812326 0.0512009 0.0507498 0.0839173
46 0.582731 0.348195 0.0107897 0.0192515
81 0.211693 0.289156 0.01892 0.0392906
25 0.582451 0.388256 0.0101919 0.0172375
6 0.170585 0.302164 0.00979094 0.026779
