25 0.235342 0.266342 0.0280492 0.0505818
6 0.448159 0.227252 0.0196945 0.0356429
6 0.329903 0.375422 0.0168381 0.0301088
12 0.559257 0.30002 0.0159147 0.0275862
25 0.745941 0.329505 0.0133875 0.0367637
12 0.331138 0.347451 0.0146694 0.0234061
6 0.634381 0.366887 0.0093461 0.016321
25 0.235342 0.266342 0.0280492 0.0505818
6 0.448159 0.227252 0.0196945 0.0356429
6 0.329903 0.375422 0.0168381 0.0301088
12 0.559257 0.30002 0.0159147 0.0275862
25 0.745941 0.329505 0.0133875 0.0367637
12 0.331138 0.347451 0.0146694 0.0234061
6 0.634381 0.366887 0.0093461 0.016321
