6 0.16827 0.241927 0.0251824 0.0468474
6 0.768571 0.104151 0.0492737 0.0854153
21 0.211035 0.327005 0.0188731 0.0357183
6 0.413828 0.371022 0.0110737 0.0193988
81 0.812328 0.0511953 0.050717 0.0838944
46 0.582709 0.348228 0.0108164 0.0193199
81 0.211693 0.289161 0.0189734 0.0393008
25 0.582465 0.38813 0.010199 0.0172526
6 0.170589 0.302148 0.00978928 0.0265913
6 0.16827 0.241927 0.0251824 0.0468474
6 0.768571 0.104151 0.0492737 0.0854153
21 0.211035 0.327005 0.0188731 0.0357183
6 0.413828 0.371022 0.0110737 0.0193988
81 0.812328 0.0511953 0.050717 0.0838944
46 0.582709 0.348228 0.0108164 0.0193199
81 0.211693 0.289161 0.0189734 0.0393008
25 0.582465 0.38813 0.010199 0.0172526
6 0.170589 0.302148 0.00978928 0.0265913
