0 0.588385 0.289624 0.0221102 0.039189
6 0.453384 0.19364 0.0208799 0.0364065
6 0.310101 0.346787 0.0136832 0.0263362
6 0.182308 0.383482 0.0136245 0.0341936
6 0.143737 0.379343 0.0134333 0.0285873
81 0.590335 0.324102 0.0214241 0.0318719
28 0.125611 0.295229 0.0181733 0.0369041
0 0.588385 0.289624 0.0221102 0.039189
6 0.453384 0.19364 0.0208799 0.0364065
6 0.310101 0.346787 0.0136832 0.0263362
6 0.182308 0.383482 0.0136245 0.0341936
6 0.143737 0.379343 0.0134333 0.0285873
81 0.590335 0.324102 0.0214241 0.0318719
28 0.125611 0.295229 0.0181733 0.0369041
