25 0.225354 0.255718 0.0294072 0.0535773
6 0.44786 0.219552 0.0199304 0.0355719
6 0.32763 0.371666 0.0169946 0.0308943
25 0.756807 0.322208 0.0130472 0.0360565
12 0.561469 0.294994 0.0161957 0.0284062
12 0.328774 0.342992 0.0139636 0.0228099
6 0.636335 0.363984 0.0091053 0.0165503
25 0.225354 0.255718 0.0294072 0.0535773
6 0.44786 0.219552 0.0199304 0.0355719
6 0.32763 0.371666 0.0169946 0.0308943
25 0.756807 0.322208 0.0130472 0.0360565
12 0.561469 0.294994 0.0161957 0.0284062
12 0.328774 0.342992 0.0139636 0.0228099
6 0.636335 0.363984 0.0091053 0.0165503
