6 0.16828 0.241893 0.025244 0.0472511
6 0.768702 0.104239 0.0494041 0.0853246
21 0.210976 0.326978 0.0186563 0.03537
6 0.413807 0.371105 0.0110036 0.0191769
81 0.812366 0.0511823 0.0507175 0.0842007
46 0.582697 0.348105 0.0108425 0.0194622
81 0.211602 0.289153 0.0187123 0.0391507
6 0.170285 0.302836 0.00978346 0.0267457
6 0.16828 0.241893 0.025244 0.0472511
6 0.768702 0.104239 0.0494041 0.0853246
21 0.210976 0.326978 0.0186563 0.03537
6 0.413807 0.371105 0.0110036 0.0191769
81 0.812366 0.0511823 0.0507175 0.0842007
46 0.582697 0.348105 0.0108425 0.0194622
81 0.211602 0.289153 0.0187123 0.0391507
6 0.170285 0.302836 0.00978346 0.0267457
