6 0.168341 0.241919 0.0252038 0.0472131
6 0.768606 0.104261 0.0492645 0.0853402
21 0.21102 0.326968 0.018734 0.0355832
6 0.413843 0.371037 0.0110614 0.0191338
81 0.812387 0.0511792 0.0507095 0.0839154
46 0.582748 0.348193 0.0108387 0.0192706
81 0.211621 0.28916 0.0187749 0.0392405
6 0.170573 0.302575 0.00976868 0.0267146
6 0.168341 0.241919 0.0252038 0.0472131
6 0.768606 0.104261 0.0492645 0.0853402
21 0.21102 0.326968 0.018734 0.0355832
6 0.413843 0.371037 0.0110614 0.0191338
81 0.812387 0.0511792 0.0507095 0.0839154
46 0.582748 0.348193 0.0108387 0.0192706
81 0.211621 0.28916 0.0187749 0.0392405
6 0.170573 0.302575 0.00976868 0.0267146
