81 0.592628 0.322521 0.0215649 0.0324349
0 0.590825 0.287398 0.0222736 0.0386025
6 0.451937 0.189128 0.021281 0.0371395
6 0.135894 0.380322 0.0145814 0.0297466
6 0.305857 0.346786 0.0140386 0.0273403
6 0.17406 0.384177 0.0134597 0.0355967
39 0.72611 0.385018 0.0201641 0.0411387
81 0.592628 0.322521 0.0215649 0.0324349
0 0.590825 0.287398 0.0222736 0.0386025
6 0.451937 0.189128 0.021281 0.0371395
6 0.135894 0.380322 0.0145814 0.0297466
6 0.305857 0.346786 0.0140386 0.0273403
6 0.17406 0.384177 0.0134597 0.0355967
39 0.72611 0.385018 0.0201641 0.0411387
