6 0.168195 0.242016 0.0251675 0.0472042
6 0.768659 0.104283 0.0497332 0.085685
21 0.211028 0.327123 0.0185848 0.0359517
81 0.81241 0.0512867 0.050827 0.0839401
6 0.413717 0.371119 0.0108072 0.0189006
46 0.582833 0.348151 0.0107758 0.0195587
81 0.211527 0.289293 0.0190987 0.0393637
6 0.168195 0.242016 0.0251675 0.0472042
6 0.768659 0.104283 0.0497332 0.085685
21 0.211028 0.327123 0.0185848 0.0359517
81 0.81241 0.0512867 0.050827 0.0839401
6 0.413717 0.371119 0.0108072 0.0189006
46 0.582833 0.348151 0.0107758 0.0195587
81 0.211527 0.289293 0.0190987 0.0393637
