31 0.911714 0.0711841 0.0549953 0.101439
34 0.921143 0.181024 0.0492151 0.102306
0 0.568823 0.314798 0.0180416 0.0307105
6 0.457654 0.230872 0.0173227 0.0304128
6 0.226473 0.387164 0.0131996 0.028874
39 0.674958 0.392476 0.0165934 0.0305394
6 0.186449 0.382741 0.010473 0.0221539
6 0.331608 0.354945 0.0116409 0.0217823
28 0.192967 0.317821 0.0161382 0.030427
31 0.911714 0.0711841 0.0549953 0.101439
34 0.921143 0.181024 0.0492151 0.102306
0 0.568823 0.314798 0.0180416 0.0307105
6 0.457654 0.230872 0.0173227 0.0304128
6 0.226473 0.387164 0.0131996 0.028874
39 0.674958 0.392476 0.0165934 0.0305394
6 0.186449 0.382741 0.010473 0.0221539
6 0.331608 0.354945 0.0116409 0.0217823
28 0.192967 0.317821 0.0161382 0.030427
