6 0.505084 0.326153 0.0131301 0.0237534
12 0.950942 0.236308 0.0212856 0.0525822
6 0.995328 0.428887 0.00934448 0.0240821
6 0.424337 0.41982 0.0123724 0.0221121
12 0.425974 0.39984 0.011359 0.0194948
6 0.988537 0.337659 0.0102512 0.022549
46 0.888186 0.388337 0.0138939 0.0341916
12 0.580535 0.375913 0.0117749 0.0191159
6 0.505084 0.326153 0.0131301 0.0237534
12 0.950942 0.236308 0.0212856 0.0525822
6 0.995328 0.428887 0.00934448 0.0240821
6 0.424337 0.41982 0.0123724 0.0221121
12 0.425974 0.39984 0.011359 0.0194948
6 0.988537 0.337659 0.0102512 0.022549
46 0.888186 0.388337 0.0138939 0.0341916
12 0.580535 0.375913 0.0117749 0.0191159
