6 0.168265 0.241926 0.0251676 0.0468183
6 0.768591 0.104238 0.0492259 0.085343
21 0.211067 0.327027 0.018836 0.0356273
6 0.413811 0.371036 0.0110435 0.0192718
81 0.812337 0.0511918 0.0507704 0.0839028
46 0.582727 0.348192 0.010808 0.0192978
81 0.211712 0.289235 0.018951 0.0392768
6 0.170672 0.302038 0.00967646 0.0266828
6 0.168265 0.241926 0.0251676 0.0468183
6 0.768591 0.104238 0.0492259 0.085343
21 0.211067 0.327027 0.018836 0.0356273
6 0.413811 0.371036 0.0110435 0.0192718
81 0.812337 0.0511918 0.0507704 0.0839028
46 0.582727 0.348192 0.010808 0.0192978
81 0.211712 0.289235 0.018951 0.0392768
6 0.170672 0.302038 0.00967646 0.0266828
