6 0.168313 0.241884 0.0252441 0.0470518
6 0.768585 0.104234 0.0492338 0.0854256
21 0.211061 0.327042 0.0188263 0.0357054
6 0.413837 0.371051 0.0110656 0.0193141
46 0.582749 0.348181 0.0107683 0.0192995
81 0.812375 0.0512507 0.0507171 0.0838602
81 0.211731 0.289261 0.0189775 0.0394172
6 0.170645 0.302046 0.00965877 0.0268851
6 0.168313 0.241884 0.0252441 0.0470518
6 0.768585 0.104234 0.0492338 0.0854256
21 0.211061 0.327042 0.0188263 0.0357054
6 0.413837 0.371051 0.0110656 0.0193141
46 0.582749 0.348181 0.0107683 0.0192995
81 0.812375 0.0512507 0.0507171 0.0838602
81 0.211731 0.289261 0.0189775 0.0394172
6 0.170645 0.302046 0.00965877 0.0268851
