6 0.1682 0.241964 0.0251607 0.0470921
6 0.768678 0.104286 0.0495857 0.0855249
21 0.211016 0.327083 0.0186118 0.0358036
81 0.812376 0.0512397 0.0507397 0.0840825
6 0.413808 0.371133 0.0108139 0.0189329
46 0.582864 0.348048 0.0107969 0.0196445
81 0.211542 0.289247 0.0191448 0.0392704
6 0.1682 0.241964 0.0251607 0.0470921
6 0.768678 0.104286 0.0495857 0.0855249
21 0.211016 0.327083 0.0186118 0.0358036
81 0.812376 0.0512397 0.0507397 0.0840825
6 0.413808 0.371133 0.0108139 0.0189329
46 0.582864 0.348048 0.0107969 0.0196445
81 0.211542 0.289247 0.0191448 0.0392704
