6 0.1682 0.241964 0.025164 0.0471631
6 0.768652 0.104261 0.049642 0.085591
21 0.211055 0.327112 0.0185762 0.0359751
46 0.582861 0.348071 0.0108008 0.0195911
81 0.812315 0.0512251 0.0507017 0.0840044
6 0.413831 0.371092 0.0109691 0.0188211
81 0.211554 0.289253 0.0191589 0.0393401
6 0.1682 0.241964 0.025164 0.0471631
6 0.768652 0.104261 0.049642 0.085591
21 0.211055 0.327112 0.0185762 0.0359751
46 0.582861 0.348071 0.0108008 0.0195911
81 0.812315 0.0512251 0.0507017 0.0840044
6 0.413831 0.371092 0.0109691 0.0188211
81 0.211554 0.289253 0.0191589 0.0393401
