6 0.168237 0.241898 0.0252176 0.0468851
6 0.76855 0.104184 0.0493076 0.0853849
21 0.211061 0.32701 0.0188855 0.0356907
6 0.413772 0.371057 0.0108895 0.0194058
81 0.812307 0.0511931 0.0506992 0.0838707
46 0.582718 0.34821 0.0107882 0.0192771
81 0.211713 0.289192 0.0189411 0.0392755
6 0.170649 0.3021 0.00970855 0.0266773
6 0.168237 0.241898 0.0252176 0.0468851
6 0.76855 0.104184 0.0493076 0.0853849
21 0.211061 0.32701 0.0188855 0.0356907
6 0.413772 0.371057 0.0108895 0.0194058
81 0.812307 0.0511931 0.0506992 0.0838707
46 0.582718 0.34821 0.0107882 0.0192771
81 0.211713 0.289192 0.0189411 0.0392755
6 0.170649 0.3021 0.00970855 0.0266773
