0 0.595712 0.275751 0.0233256 0.0408686
6 0.449691 0.173611 0.0227978 0.0391326
28 0.0914372 0.281053 0.0189325 0.0417259
6 0.298983 0.339335 0.015219 0.028051
81 0.597359 0.313152 0.0226974 0.0347134
6 0.123061 0.373126 0.014502 0.0290888
6 0.160213 0.377472 0.0138409 0.0375341
81 0.326137 0.36921 0.0117787 0.0215129
21 0.326395 0.391933 0.0121006 0.0211741
0 0.595712 0.275751 0.0233256 0.0408686
6 0.449691 0.173611 0.0227978 0.0391326
28 0.0914372 0.281053 0.0189325 0.0417259
6 0.298983 0.339335 0.015219 0.028051
81 0.597359 0.313152 0.0226974 0.0347134
6 0.123061 0.373126 0.014502 0.0290888
6 0.160213 0.377472 0.0138409 0.0375341
81 0.326137 0.36921 0.0117787 0.0215129
21 0.326395 0.391933 0.0121006 0.0211741
