6 0.168173 0.241986 0.0252099 0.0472324
6 0.768697 0.104303 0.0497765 0.0857276
21 0.210988 0.327054 0.0188494 0.0360858
81 0.812428 0.051226 0.0508263 0.0840669
6 0.413773 0.371082 0.0109415 0.0187971
46 0.582906 0.348193 0.0107546 0.0196301
81 0.211557 0.289196 0.0193384 0.0395965
25 0.582471 0.38815 0.0104313 0.0180784
6 0.168173 0.241986 0.0252099 0.0472324
6 0.768697 0.104303 0.0497765 0.0857276
21 0.210988 0.327054 0.0188494 0.0360858
81 0.812428 0.051226 0.0508263 0.0840669
6 0.413773 0.371082 0.0109415 0.0187971
46 0.582906 0.348193 0.0107546 0.0196301
81 0.211557 0.289196 0.0193384 0.0395965
25 0.582471 0.38815 0.0104313 0.0180784
