0 0.665226 0.161473 0.0385286 0.0667881
81 0.663692 0.226201 0.0347366 0.0646531
6 0.431658 0.0295349 0.0344629 0.056192
21 0.274404 0.369648 0.0147845 0.0267179
6 0.238624 0.30239 0.0194543 0.0373686
6 0.010709 0.360845 0.0205246 0.0423653
6 0.423596 0.395166 0.00991097 0.0163762
0 0.665226 0.161473 0.0385286 0.0667881
81 0.663692 0.226201 0.0347366 0.0646531
6 0.431658 0.0295349 0.0344629 0.056192
21 0.274404 0.369648 0.0147845 0.0267179
6 0.238624 0.30239 0.0194543 0.0373686
6 0.010709 0.360845 0.0205246 0.0423653
6 0.423596 0.395166 0.00991097 0.0163762
