6 0.768693 0.104442 0.0498549 0.0859391
6 0.168156 0.242135 0.0251845 0.0471143
21 0.211031 0.327312 0.0188293 0.036321
81 0.812464 0.0513194 0.0508797 0.0841347
6 0.413758 0.371218 0.010932 0.0189564
46 0.582792 0.348146 0.0108356 0.0197947
81 0.211558 0.289437 0.0193286 0.0396112
6 0.768693 0.104442 0.0498549 0.0859391
6 0.168156 0.242135 0.0251845 0.0471143
21 0.211031 0.327312 0.0188293 0.036321
81 0.812464 0.0513194 0.0508797 0.0841347
6 0.413758 0.371218 0.010932 0.0189564
46 0.582792 0.348146 0.0108356 0.0197947
81 0.211558 0.289437 0.0193286 0.0396112
