0 0.655558 0.171755 0.0367491 0.063716
81 0.655994 0.229611 0.0304014 0.0538284
6 0.432954 0.0438724 0.0324062 0.0538844
6 0.244516 0.304526 0.0192179 0.0360898
6 0.0220759 0.361981 0.0193098 0.0406453
21 0.279643 0.369698 0.0146066 0.0252695
6 0.424801 0.39338 0.0102158 0.0174913
6 0.042937 0.359192 0.0120217 0.0486622
81 0.279468 0.341497 0.015204 0.0295561
0 0.655558 0.171755 0.0367491 0.063716
81 0.655994 0.229611 0.0304014 0.0538284
6 0.432954 0.0438724 0.0324062 0.0538844
6 0.244516 0.304526 0.0192179 0.0360898
6 0.0220759 0.361981 0.0193098 0.0406453
21 0.279643 0.369698 0.0146066 0.0252695
6 0.424801 0.39338 0.0102158 0.0174913
6 0.042937 0.359192 0.0120217 0.0486622
81 0.279468 0.341497 0.015204 0.0295561
