0 0.611527 0.24131 0.028712 0.0487289
81 0.61229 0.284234 0.0237022 0.039596
6 0.442258 0.127796 0.0261152 0.0441137
6 0.277165 0.322295 0.0167187 0.0309931
6 0.0847002 0.362019 0.0164897 0.0338393
6 0.117376 0.363952 0.0140103 0.042385
39 0.778353 0.365848 0.0241709 0.0503695
0 0.611527 0.24131 0.028712 0.0487289
81 0.61229 0.284234 0.0237022 0.039596
6 0.442258 0.127796 0.0261152 0.0441137
6 0.277165 0.322295 0.0167187 0.0309931
6 0.0847002 0.362019 0.0164897 0.0338393
6 0.117376 0.363952 0.0140103 0.042385
39 0.778353 0.365848 0.0241709 0.0503695
