6 0.168201 0.242002 0.0251745 0.0471369
6 0.768655 0.104277 0.0497519 0.0857945
21 0.211021 0.327117 0.0186746 0.0360088
6 0.413787 0.371113 0.0110052 0.0188602
81 0.812375 0.0512201 0.0508707 0.0840798
46 0.582836 0.34821 0.0108317 0.0197706
81 0.211463 0.289314 0.0190825 0.0393583
6 0.168201 0.242002 0.0251745 0.0471369
6 0.768655 0.104277 0.0497519 0.0857945
21 0.211021 0.327117 0.0186746 0.0360088
6 0.413787 0.371113 0.0110052 0.0188602
81 0.812375 0.0512201 0.0508707 0.0840798
46 0.582836 0.34821 0.0108317 0.0197706
81 0.211463 0.289314 0.0190825 0.0393583
