6 0.168262 0.241919 0.0251702 0.0468453
6 0.768577 0.10416 0.049279 0.0854323
21 0.211044 0.327017 0.0188467 0.0356609
6 0.413815 0.371011 0.0110659 0.0193867
81 0.812326 0.051203 0.0507076 0.0839028
46 0.582704 0.348229 0.0108133 0.019315
81 0.211707 0.289171 0.0189147 0.0391953
25 0.582454 0.388172 0.0101973 0.0172418
6 0.17068 0.302087 0.00969644 0.026309
6 0.168262 0.241919 0.0251702 0.0468453
6 0.768577 0.10416 0.049279 0.0854323
21 0.211044 0.327017 0.0188467 0.0356609
6 0.413815 0.371011 0.0110659 0.0193867
81 0.812326 0.051203 0.0507076 0.0839028
46 0.582704 0.348229 0.0108133 0.019315
81 0.211707 0.289171 0.0189147 0.0391953
25 0.582454 0.388172 0.0101973 0.0172418
6 0.17068 0.302087 0.00969644 0.026309
