6 0.168222 0.24187 0.025133 0.0469066
6 0.768608 0.10427 0.049494 0.0852945
21 0.210984 0.326994 0.0186639 0.0353299
6 0.413834 0.371138 0.0109859 0.0190343
81 0.812408 0.0512407 0.0507334 0.0840994
46 0.582725 0.348065 0.0108178 0.0194127
81 0.211549 0.289167 0.0188049 0.0392339
6 0.170512 0.302999 0.00957336 0.026719
25 0.582474 0.388191 0.0102523 0.0174113
6 0.168222 0.24187 0.025133 0.0469066
6 0.768608 0.10427 0.049494 0.0852945
21 0.210984 0.326994 0.0186639 0.0353299
6 0.413834 0.371138 0.0109859 0.0190343
81 0.812408 0.0512407 0.0507334 0.0840994
46 0.582725 0.348065 0.0108178 0.0194127
81 0.211549 0.289167 0.0188049 0.0392339
6 0.170512 0.302999 0.00957336 0.026719
25 0.582474 0.388191 0.0102523 0.0174113
