6 0.168247 0.241912 0.0252064 0.0469042
6 0.768563 0.104178 0.049309 0.0855112
21 0.211022 0.326988 0.0188428 0.0356602
6 0.413778 0.37108 0.0108633 0.0194416
81 0.81234 0.0511899 0.0507553 0.0838825
46 0.582728 0.348194 0.0107817 0.0192291
81 0.21169 0.289149 0.0188898 0.0392536
25 0.582432 0.388274 0.010157 0.0172312
6 0.170507 0.302233 0.00993414 0.0266025
6 0.168247 0.241912 0.0252064 0.0469042
6 0.768563 0.104178 0.049309 0.0855112
21 0.211022 0.326988 0.0188428 0.0356602
6 0.413778 0.37108 0.0108633 0.0194416
81 0.81234 0.0511899 0.0507553 0.0838825
46 0.582728 0.348194 0.0107817 0.0192291
81 0.21169 0.289149 0.0188898 0.0392536
25 0.582432 0.388274 0.010157 0.0172312
6 0.170507 0.302233 0.00993414 0.0266025
