0 0.615998 0.231148 0.0299632 0.0507222
6 0.440158 0.114168 0.0266361 0.0456355
81 0.617069 0.276756 0.0246437 0.041798
6 0.271845 0.316103 0.0171755 0.0327081
6 0.0746733 0.357856 0.016998 0.0372927
6 0.106071 0.358393 0.0145099 0.0446582
39 0.789603 0.359105 0.0249837 0.0514347
21 0.302573 0.375393 0.0128505 0.0226023
0 0.615998 0.231148 0.0299632 0.0507222
6 0.440158 0.114168 0.0266361 0.0456355
81 0.617069 0.276756 0.0246437 0.041798
6 0.271845 0.316103 0.0171755 0.0327081
6 0.0746733 0.357856 0.016998 0.0372927
6 0.106071 0.358393 0.0145099 0.0446582
39 0.789603 0.359105 0.0249837 0.0514347
21 0.302573 0.375393 0.0128505 0.0226023
