6 0.168264 0.241866 0.025235 0.0471947
6 0.768603 0.104288 0.0492552 0.0852347
21 0.210987 0.326941 0.0187393 0.0354802
6 0.413844 0.371088 0.0110157 0.0190826
81 0.812361 0.0512069 0.050687 0.0838574
46 0.582709 0.348177 0.010784 0.0192002
81 0.211651 0.289203 0.0189036 0.0393394
6 0.170486 0.302412 0.00989394 0.0262579
6 0.168264 0.241866 0.025235 0.0471947
6 0.768603 0.104288 0.0492552 0.0852347
21 0.210987 0.326941 0.0187393 0.0354802
6 0.413844 0.371088 0.0110157 0.0190826
81 0.812361 0.0512069 0.050687 0.0838574
46 0.582709 0.348177 0.010784 0.0192002
81 0.211651 0.289203 0.0189036 0.0393394
6 0.170486 0.302412 0.00989394 0.0262579
