25 0.241972 0.271853 0.0275365 0.0488382
6 0.332242 0.376459 0.0165424 0.0295508
6 0.449042 0.230099 0.0193922 0.0349965
12 0.333454 0.349243 0.0141709 0.0230735
12 0.558244 0.302779 0.01577 0.0256735
25 0.739774 0.332712 0.0144722 0.0333577
6 0.633668 0.366999 0.00942698 0.0166565
25 0.241972 0.271853 0.0275365 0.0488382
6 0.332242 0.376459 0.0165424 0.0295508
6 0.449042 0.230099 0.0193922 0.0349965
12 0.333454 0.349243 0.0141709 0.0230735
12 0.558244 0.302779 0.01577 0.0256735
25 0.739774 0.332712 0.0144722 0.0333577
6 0.633668 0.366999 0.00942698 0.0166565
