0 0.593204 0.285425 0.0231127 0.0396921
6 0.450955 0.186058 0.0215368 0.0378862
6 0.303042 0.347209 0.0147285 0.0279346
81 0.594861 0.321436 0.0222227 0.0333039
6 0.130831 0.381575 0.0140643 0.030396
6 0.168809 0.384607 0.0137682 0.0375682
28 0.104688 0.291838 0.0189623 0.0396121
6 0.436688 0.412767 0.00996304 0.0179042
0 0.593204 0.285425 0.0231127 0.0396921
6 0.450955 0.186058 0.0215368 0.0378862
6 0.303042 0.347209 0.0147285 0.0279346
81 0.594861 0.321436 0.0222227 0.0333039
6 0.130831 0.381575 0.0140643 0.030396
6 0.168809 0.384607 0.0137682 0.0375682
28 0.104688 0.291838 0.0189623 0.0396121
6 0.436688 0.412767 0.00996304 0.0179042
