0 0.676282 0.146992 0.0404485 0.0695176
81 0.675731 0.210217 0.0346066 0.0585997
6 0.231623 0.298185 0.0198397 0.0381303
6 0.422727 0.39453 0.0100842 0.0172341
21 0.267848 0.367163 0.0154665 0.027121
6 0.00993287 0.354719 0.0179374 0.0543636
6 0.428617 0.0196209 0.0338215 0.0392419
6 0.00397071 0.355712 0.00788747 0.0504686
0 0.676282 0.146992 0.0404485 0.0695176
81 0.675731 0.210217 0.0346066 0.0585997
6 0.231623 0.298185 0.0198397 0.0381303
6 0.422727 0.39453 0.0100842 0.0172341
21 0.267848 0.367163 0.0154665 0.027121
6 0.00993287 0.354719 0.0179374 0.0543636
6 0.428617 0.0196209 0.0338215 0.0392419
6 0.00397071 0.355712 0.00788747 0.0504686
