6 0.168206 0.242003 0.0251889 0.0472358
6 0.768691 0.104313 0.0496792 0.0856569
21 0.211037 0.327131 0.01861 0.0359895
81 0.812386 0.051294 0.0508282 0.0840279
6 0.413711 0.371104 0.0108095 0.0189069
46 0.582834 0.348138 0.010799 0.0195935
81 0.211551 0.28927 0.0191374 0.0392726
6 0.168206 0.242003 0.0251889 0.0472358
6 0.768691 0.104313 0.0496792 0.0856569
21 0.211037 0.327131 0.01861 0.0359895
81 0.812386 0.051294 0.0508282 0.0840279
6 0.413711 0.371104 0.0108095 0.0189069
46 0.582834 0.348138 0.010799 0.0195935
81 0.211551 0.28927 0.0191374 0.0392726
