25 0.365043 0.3488 0.0174294 0.0321138
6 0.492381 0.29601 0.0148493 0.0274212
6 0.400563 0.403352 0.0133763 0.0236083
12 0.575772 0.352592 0.0111204 0.0234825
128 0.575448 0.332653 0.0153547 0.0134959
25 0.970445 0.438244 0.013389 0.0301251
12 0.401162 0.380242 0.0129924 0.0200626
25 0.365043 0.3488 0.0174294 0.0321138
6 0.492381 0.29601 0.0148493 0.0274212
6 0.400563 0.403352 0.0133763 0.0236083
12 0.575772 0.352592 0.0111204 0.0234825
128 0.575448 0.332653 0.0153547 0.0134959
25 0.970445 0.438244 0.013389 0.0301251
12 0.401162 0.380242 0.0129924 0.0200626
