25 0.151193 0.193241 0.0352085 0.066979
12 0.583577 0.26989 0.0203854 0.0346773
6 0.452095 0.181872 0.023291 0.042273
12 0.317878 0.329727 0.0149817 0.0268074
6 0.317311 0.362661 0.0205638 0.0372838
25 0.855254 0.287855 0.019812 0.0493214
6 0.653883 0.358838 0.00954685 0.0172855
128 0.583775 0.239912 0.0245806 0.018062
25 0.151193 0.193241 0.0352085 0.066979
12 0.583577 0.26989 0.0203854 0.0346773
6 0.452095 0.181872 0.023291 0.042273
12 0.317878 0.329727 0.0149817 0.0268074
6 0.317311 0.362661 0.0205638 0.0372838
25 0.855254 0.287855 0.019812 0.0493214
6 0.653883 0.358838 0.00954685 0.0172855
128 0.583775 0.239912 0.0245806 0.018062
