25 0.122092 0.184848 0.0406626 0.0756168
6 0.453736 0.18722 0.0243109 0.0425641
6 0.313712 0.37702 0.0204742 0.0381271
12 0.591319 0.280295 0.021045 0.0366539
25 0.892326 0.290823 0.0201023 0.0517145
12 0.314233 0.342497 0.0153685 0.0256534
6 0.659313 0.374549 0.0100254 0.0177522
25 0.122092 0.184848 0.0406626 0.0756168
6 0.453736 0.18722 0.0243109 0.0425641
6 0.313712 0.37702 0.0204742 0.0381271
12 0.591319 0.280295 0.021045 0.0366539
25 0.892326 0.290823 0.0201023 0.0517145
12 0.314233 0.342497 0.0153685 0.0256534
6 0.659313 0.374549 0.0100254 0.0177522
