28 0.68406 0.121514 0.0308266 0.0520167
6 0.456975 0.221963 0.0182989 0.0322616
0 0.574927 0.309738 0.0198902 0.034066
6 0.214183 0.387381 0.0131103 0.0314224
6 0.325688 0.355034 0.0128124 0.0243861
81 0.576936 0.339637 0.0176411 0.0274409
6 0.174269 0.383071 0.0133994 0.02675
28 0.174128 0.312857 0.0170281 0.0328555
28 0.68406 0.121514 0.0308266 0.0520167
6 0.456975 0.221963 0.0182989 0.0322616
0 0.574927 0.309738 0.0198902 0.034066
6 0.214183 0.387381 0.0131103 0.0314224
6 0.325688 0.355034 0.0128124 0.0243861
81 0.576936 0.339637 0.0176411 0.0274409
6 0.174269 0.383071 0.0133994 0.02675
28 0.174128 0.312857 0.0170281 0.0328555
