0 0.59502 0.27942 0.0231357 0.0409534
6 0.450377 0.178136 0.0225018 0.0386096
39 0.736258 0.381448 0.0211158 0.0423815
81 0.595996 0.316592 0.0217369 0.0337679
6 0.125593 0.376741 0.0147786 0.0303078
6 0.300052 0.342731 0.0148144 0.0287983
6 0.163155 0.38015 0.0138142 0.0369249
28 0.0961637 0.285037 0.0188626 0.0406262
0 0.59502 0.27942 0.0231357 0.0409534
6 0.450377 0.178136 0.0225018 0.0386096
39 0.736258 0.381448 0.0211158 0.0423815
81 0.595996 0.316592 0.0217369 0.0337679
6 0.125593 0.376741 0.0147786 0.0303078
6 0.300052 0.342731 0.0148144 0.0287983
6 0.163155 0.38015 0.0138142 0.0369249
28 0.0961637 0.285037 0.0188626 0.0406262
