6 0.168264 0.241928 0.025174 0.0468359
6 0.768576 0.104148 0.0492681 0.085391
21 0.211033 0.327013 0.0188624 0.0356996
6 0.413815 0.37103 0.0110897 0.0194236
81 0.81232 0.0511993 0.0507007 0.0838973
46 0.582706 0.348231 0.0108142 0.0193198
81 0.211687 0.28916 0.0189342 0.0392528
25 0.582461 0.388144 0.0101894 0.0172377
6 0.168264 0.241928 0.025174 0.0468359
6 0.768576 0.104148 0.0492681 0.085391
21 0.211033 0.327013 0.0188624 0.0356996
6 0.413815 0.37103 0.0110897 0.0194236
81 0.81232 0.0511993 0.0507007 0.0838973
46 0.582706 0.348231 0.0108142 0.0193198
81 0.211687 0.28916 0.0189342 0.0392528
25 0.582461 0.388144 0.0101894 0.0172377
