6 0.168243 0.241917 0.0252013 0.0469092
6 0.768559 0.104183 0.0493087 0.0855306
21 0.211027 0.326994 0.0188413 0.0356584
6 0.413771 0.37107 0.0108403 0.0194004
81 0.81234 0.05119 0.0507599 0.0838882
46 0.582729 0.348185 0.0107755 0.0192144
81 0.211688 0.289154 0.0188959 0.0392669
25 0.582441 0.388283 0.0101397 0.017208
6 0.170727 0.302024 0.00967832 0.0266731
6 0.168243 0.241917 0.0252013 0.0469092
6 0.768559 0.104183 0.0493087 0.0855306
21 0.211027 0.326994 0.0188413 0.0356584
6 0.413771 0.37107 0.0108403 0.0194004
81 0.81234 0.05119 0.0507599 0.0838882
46 0.582729 0.348185 0.0107755 0.0192144
81 0.211688 0.289154 0.0188959 0.0392669
25 0.582441 0.388283 0.0101397 0.017208
6 0.170727 0.302024 0.00967832 0.0266731
