6 0.16831 0.241857 0.0252544 0.0472128
6 0.768599 0.104272 0.0492931 0.0852828
21 0.211013 0.326914 0.0187436 0.0355512
6 0.413821 0.371054 0.011006 0.0190274
81 0.812355 0.0511731 0.050708 0.0837915
46 0.58273 0.34819 0.0108184 0.0192015
81 0.211665 0.28922 0.0189104 0.0393615
6 0.170612 0.302519 0.00980229 0.0268403
6 0.16831 0.241857 0.0252544 0.0472128
6 0.768599 0.104272 0.0492931 0.0852828
21 0.211013 0.326914 0.0187436 0.0355512
6 0.413821 0.371054 0.011006 0.0190274
81 0.812355 0.0511731 0.050708 0.0837915
46 0.58273 0.34819 0.0108184 0.0192015
81 0.211665 0.28922 0.0189104 0.0393615
6 0.170612 0.302519 0.00980229 0.0268403
