6 0.16827 0.241901 0.0251686 0.0468585
6 0.768567 0.104222 0.0492764 0.0853299
21 0.211062 0.327028 0.0188775 0.0356937
6 0.413735 0.371051 0.0109052 0.0193948
46 0.582728 0.348191 0.0108021 0.0192782
81 0.812311 0.0511905 0.0507038 0.0838699
81 0.211708 0.289192 0.0189169 0.0392646
6 0.170706 0.30215 0.00963285 0.0263657
6 0.16827 0.241901 0.0251686 0.0468585
6 0.768567 0.104222 0.0492764 0.0853299
21 0.211062 0.327028 0.0188775 0.0356937
6 0.413735 0.371051 0.0109052 0.0193948
46 0.582728 0.348191 0.0108021 0.0192782
81 0.812311 0.0511905 0.0507038 0.0838699
81 0.211708 0.289192 0.0189169 0.0392646
6 0.170706 0.30215 0.00963285 0.0263657
