6 0.168195 0.241905 0.0251091 0.0468511
6 0.768584 0.104256 0.0493696 0.0851722
21 0.211008 0.327239 0.0185777 0.035946
81 0.812404 0.0511743 0.0507872 0.0841471
6 0.413923 0.371125 0.0109425 0.0188346
46 0.582811 0.34811 0.0107782 0.0193143
81 0.211602 0.28931 0.0192841 0.0392977
6 0.168195 0.241905 0.0251091 0.0468511
6 0.768584 0.104256 0.0493696 0.0851722
21 0.211008 0.327239 0.0185777 0.035946
81 0.812404 0.0511743 0.0507872 0.0841471
6 0.413923 0.371125 0.0109425 0.0188346
46 0.582811 0.34811 0.0107782 0.0193143
81 0.211602 0.28931 0.0192841 0.0392977
