6 0.16816 0.241991 0.0251653 0.0470731
6 0.768664 0.104235 0.0496149 0.0855962
21 0.211049 0.327113 0.0185857 0.0359035
81 0.812377 0.0512292 0.0506844 0.0840239
46 0.582866 0.348061 0.0107847 0.0196063
6 0.413797 0.371156 0.0108038 0.0189149
81 0.211551 0.289241 0.019146 0.0392696
6 0.16816 0.241991 0.0251653 0.0470731
6 0.768664 0.104235 0.0496149 0.0855962
21 0.211049 0.327113 0.0185857 0.0359035
81 0.812377 0.0512292 0.0506844 0.0840239
46 0.582866 0.348061 0.0107847 0.0196063
6 0.413797 0.371156 0.0108038 0.0189149
81 0.211551 0.289241 0.019146 0.0392696
