0 0.730202 0.0718451 0.0512083 0.0841837
81 0.732732 0.147401 0.0390791 0.0682381
6 0.711535 0.177147 0.0391146 0.0715069
6 0.200881 0.278734 0.0228561 0.0432892
21 0.240915 0.355852 0.0171543 0.0320027
6 0.418128 0.39021 0.0106794 0.01916
81 0.240581 0.321518 0.0179486 0.034401
0 0.730202 0.0718451 0.0512083 0.0841837
81 0.732732 0.147401 0.0390791 0.0682381
6 0.711535 0.177147 0.0391146 0.0715069
6 0.200881 0.278734 0.0228561 0.0432892
21 0.240915 0.355852 0.0171543 0.0320027
6 0.418128 0.39021 0.0106794 0.01916
81 0.240581 0.321518 0.0179486 0.034401
