0 0.599916 0.263219 0.02384 0.0419194
6 0.447697 0.157915 0.0235291 0.0400882
28 0.0736273 0.268687 0.0193224 0.0437204
6 0.112438 0.365991 0.0147579 0.0308105
39 0.748397 0.373492 0.0221042 0.0453907
6 0.292816 0.331192 0.0149401 0.0284676
6 0.148569 0.369847 0.0139439 0.0390749
81 0.601896 0.302839 0.0237446 0.0368623
0 0.599916 0.263219 0.02384 0.0419194
6 0.447697 0.157915 0.0235291 0.0400882
28 0.0736273 0.268687 0.0193224 0.0437204
6 0.112438 0.365991 0.0147579 0.0308105
39 0.748397 0.373492 0.0221042 0.0453907
6 0.292816 0.331192 0.0149401 0.0284676
6 0.148569 0.369847 0.0139439 0.0390749
81 0.601896 0.302839 0.0237446 0.0368623
