81 0.736987 0.143071 0.0398085 0.0682748
0 0.734052 0.0670531 0.053544 0.0863205
6 0.199086 0.278151 0.0228775 0.0435847
6 0.714703 0.174598 0.0410235 0.0735389
21 0.239063 0.35554 0.017112 0.0327639
6 0.417751 0.390607 0.0105109 0.0186003
22 0.2387 0.320715 0.0175272 0.0342005
81 0.736987 0.143071 0.0398085 0.0682748
0 0.734052 0.0670531 0.053544 0.0863205
6 0.199086 0.278151 0.0228775 0.0435847
6 0.714703 0.174598 0.0410235 0.0735389
21 0.239063 0.35554 0.017112 0.0327639
6 0.417751 0.390607 0.0105109 0.0186003
22 0.2387 0.320715 0.0175272 0.0342005
