6 0.168228 0.241835 0.0251537 0.0469694
6 0.768618 0.104255 0.0494888 0.0852876
21 0.210982 0.326977 0.0186821 0.0353411
6 0.413835 0.371129 0.0110215 0.0191147
81 0.812388 0.051239 0.0507271 0.0841078
46 0.582727 0.348044 0.0108339 0.0193783
81 0.211559 0.289184 0.0188327 0.0392999
6 0.170358 0.303046 0.00966132 0.0261788
6 0.168228 0.241835 0.0251537 0.0469694
6 0.768618 0.104255 0.0494888 0.0852876
21 0.210982 0.326977 0.0186821 0.0353411
6 0.413835 0.371129 0.0110215 0.0191147
81 0.812388 0.051239 0.0507271 0.0841078
46 0.582727 0.348044 0.0108339 0.0193783
81 0.211559 0.289184 0.0188327 0.0392999
6 0.170358 0.303046 0.00966132 0.0261788
