6 0.168287 0.241897 0.025227 0.0472432
6 0.768658 0.104252 0.0492731 0.0851993
21 0.210979 0.327031 0.0187223 0.0354896
6 0.413818 0.371103 0.0109884 0.0189911
81 0.812365 0.0511876 0.0508032 0.0839925
46 0.582721 0.34818 0.0107712 0.0193442
81 0.21166 0.28921 0.0188331 0.0393233
6 0.170548 0.30221 0.00969012 0.0267382
25 0.582492 0.388142 0.0102411 0.0173996
6 0.168287 0.241897 0.025227 0.0472432
6 0.768658 0.104252 0.0492731 0.0851993
21 0.210979 0.327031 0.0187223 0.0354896
6 0.413818 0.371103 0.0109884 0.0189911
81 0.812365 0.0511876 0.0508032 0.0839925
46 0.582721 0.34818 0.0107712 0.0193442
81 0.21166 0.28921 0.0188331 0.0393233
6 0.170548 0.30221 0.00969012 0.0267382
25 0.582492 0.388142 0.0102411 0.0173996
