31 0.560085 0.335296 0.0177134 0.0315527
6 0.232031 0.413683 0.00920978 0.017775
39 0.923859 0.334149 0.0278061 0.0826276
6 0.268245 0.419592 0.0100585 0.0198542
0 0.489596 0.371529 0.0104157 0.0172991
28 0.518233 0.31446 0.0130322 0.0233576
34 0.560001 0.368152 0.0170219 0.0283454
31 0.560085 0.335296 0.0177134 0.0315527
6 0.232031 0.413683 0.00920978 0.017775
39 0.923859 0.334149 0.0278061 0.0826276
6 0.268245 0.419592 0.0100585 0.0198542
0 0.489596 0.371529 0.0104157 0.0172991
28 0.518233 0.31446 0.0130322 0.0233576
34 0.560001 0.368152 0.0170219 0.0283454
