6 0.168263 0.24193 0.0251842 0.0468751
6 0.768574 0.104186 0.0493435 0.0855419
21 0.211028 0.326993 0.0188354 0.0356511
6 0.413778 0.371078 0.0108633 0.0194421
81 0.812344 0.0511897 0.0507617 0.0838807
46 0.582724 0.348199 0.0107847 0.0192346
81 0.211685 0.289159 0.0188787 0.0392377
25 0.582419 0.388262 0.0101721 0.0172288
6 0.170512 0.302262 0.00990744 0.0266575
6 0.168263 0.24193 0.0251842 0.0468751
6 0.768574 0.104186 0.0493435 0.0855419
21 0.211028 0.326993 0.0188354 0.0356511
6 0.413778 0.371078 0.0108633 0.0194421
81 0.812344 0.0511897 0.0507617 0.0838807
46 0.582724 0.348199 0.0107847 0.0192346
81 0.211685 0.289159 0.0188787 0.0392377
25 0.582419 0.388262 0.0101721 0.0172288
6 0.170512 0.302262 0.00990744 0.0266575
