0 0.622372 0.22258 0.0303319 0.053335
81 0.622762 0.269694 0.0258638 0.0436824
6 0.43846 0.103037 0.0287 0.0485379
6 0.266255 0.314302 0.0177526 0.0331193
6 0.0640871 0.357858 0.0169904 0.0357924
6 0.0940041 0.358441 0.0139013 0.0468521
6 0.425331 0.395325 0.00992603 0.0176014
81 0.298245 0.348624 0.0135457 0.0270806
0 0.622372 0.22258 0.0303319 0.053335
81 0.622762 0.269694 0.0258638 0.0436824
6 0.43846 0.103037 0.0287 0.0485379
6 0.266255 0.314302 0.0177526 0.0331193
6 0.0640871 0.357858 0.0169904 0.0357924
6 0.0940041 0.358441 0.0139013 0.0468521
6 0.425331 0.395325 0.00992603 0.0176014
81 0.298245 0.348624 0.0135457 0.0270806
