6 0.168201 0.24196 0.0251723 0.0470979
6 0.768691 0.104268 0.0495571 0.0854736
21 0.211005 0.327083 0.0186103 0.0358133
81 0.812382 0.051243 0.0507531 0.0840913
6 0.413876 0.371102 0.0109571 0.0188675
46 0.582843 0.348052 0.010788 0.0196121
81 0.211539 0.289249 0.0191393 0.0392759
6 0.168201 0.24196 0.0251723 0.0470979
6 0.768691 0.104268 0.0495571 0.0854736
21 0.211005 0.327083 0.0186103 0.0358133
81 0.812382 0.051243 0.0507531 0.0840913
6 0.413876 0.371102 0.0109571 0.0188675
46 0.582843 0.348052 0.010788 0.0196121
81 0.211539 0.289249 0.0191393 0.0392759
