6 0.168276 0.242954 0.0250733 0.0471926
46 0.582844 0.348067 0.0108868 0.0196504
6 0.768698 0.10468 0.0496365 0.0855274
21 0.211033 0.327777 0.0185818 0.0362392
81 0.812468 0.0517014 0.0508907 0.0841898
6 0.413808 0.371577 0.0108603 0.0184713
81 0.211532 0.2898 0.0192308 0.0395023
6 0.168276 0.242954 0.0250733 0.0471926
46 0.582844 0.348067 0.0108868 0.0196504
6 0.768698 0.10468 0.0496365 0.0855274
21 0.211033 0.327777 0.0185818 0.0362392
81 0.812468 0.0517014 0.0508907 0.0841898
6 0.413808 0.371577 0.0108603 0.0184713
81 0.211532 0.2898 0.0192308 0.0395023
