31 0.896765 0.0818683 0.0514496 0.10193
34 0.90554 0.183549 0.0480228 0.0968214
0 0.568229 0.31557 0.0175598 0.0301355
39 0.67303 0.392566 0.016134 0.0304079
6 0.457672 0.232749 0.0170654 0.0297311
6 0.228462 0.387476 0.0133135 0.0294557
6 0.188257 0.381418 0.0118792 0.0263428
6 0.332449 0.355502 0.0117351 0.022491
28 0.195975 0.318975 0.0160543 0.0303727
31 0.896765 0.0818683 0.0514496 0.10193
34 0.90554 0.183549 0.0480228 0.0968214
0 0.568229 0.31557 0.0175598 0.0301355
39 0.67303 0.392566 0.016134 0.0304079
6 0.457672 0.232749 0.0170654 0.0297311
6 0.228462 0.387476 0.0133135 0.0294557
6 0.188257 0.381418 0.0118792 0.0263428
6 0.332449 0.355502 0.0117351 0.022491
28 0.195975 0.318975 0.0160543 0.0303727
