0 0.62447 0.220404 0.0304033 0.0522993
6 0.438073 0.0991497 0.0287937 0.0479505
6 0.264578 0.314157 0.0177126 0.0329547
6 0.0606155 0.358536 0.0177162 0.0364639
81 0.625286 0.267999 0.026208 0.0452056
6 0.0899132 0.358494 0.0132928 0.0462093
6 0.425212 0.395601 0.0101526 0.0178896
21 0.296292 0.374311 0.0128758 0.0230266
0 0.62447 0.220404 0.0304033 0.0522993
6 0.438073 0.0991497 0.0287937 0.0479505
6 0.264578 0.314157 0.0177126 0.0329547
6 0.0606155 0.358536 0.0177162 0.0364639
81 0.625286 0.267999 0.026208 0.0452056
6 0.0899132 0.358494 0.0132928 0.0462093
6 0.425212 0.395601 0.0101526 0.0178896
21 0.296292 0.374311 0.0128758 0.0230266
