6 0.16823 0.241589 0.0251878 0.0472793
6 0.76871 0.10451 0.049847 0.085903
21 0.211032 0.327152 0.0188577 0.0364157
81 0.812468 0.0513792 0.0508968 0.0842532
46 0.582809 0.348128 0.0109406 0.0199327
6 0.413739 0.370991 0.0108927 0.0187721
81 0.211511 0.289214 0.0193099 0.0397969
6 0.16823 0.241589 0.0251878 0.0472793
6 0.76871 0.10451 0.049847 0.085903
21 0.211032 0.327152 0.0188577 0.0364157
81 0.812468 0.0513792 0.0508968 0.0842532
46 0.582809 0.348128 0.0109406 0.0199327
6 0.413739 0.370991 0.0108927 0.0187721
81 0.211511 0.289214 0.0193099 0.0397969
