0 0.648303 0.184329 0.0350635 0.0618211
81 0.648211 0.241027 0.029248 0.0524163
6 0.434683 0.0584493 0.0315104 0.0518703
6 0.249808 0.30617 0.0194289 0.0356863
6 0.0308564 0.359697 0.018833 0.0415077
21 0.283857 0.370407 0.0139736 0.0250846
6 0.425272 0.394216 0.0101228 0.0180812
6 0.0542306 0.357561 0.0137312 0.0498634
0 0.648303 0.184329 0.0350635 0.0618211
81 0.648211 0.241027 0.029248 0.0524163
6 0.434683 0.0584493 0.0315104 0.0518703
6 0.249808 0.30617 0.0194289 0.0356863
6 0.0308564 0.359697 0.018833 0.0415077
21 0.283857 0.370407 0.0139736 0.0250846
6 0.425272 0.394216 0.0101228 0.0180812
6 0.0542306 0.357561 0.0137312 0.0498634
