25 0.0683652 0.151153 0.0443212 0.0861085
6 0.455332 0.170662 0.0267141 0.0464787
25 0.955744 0.273012 0.0267654 0.059293
6 0.308551 0.376849 0.0210323 0.0397064
12 0.602571 0.269836 0.0226955 0.0381197
12 0.309224 0.340428 0.0167971 0.0280151
6 0.667824 0.374115 0.0102797 0.0188095
127 0.60282 0.234261 0.0300112 0.0236549
25 0.0683652 0.151153 0.0443212 0.0861085
6 0.455332 0.170662 0.0267141 0.0464787
25 0.955744 0.273012 0.0267654 0.059293
6 0.308551 0.376849 0.0210323 0.0397064
12 0.602571 0.269836 0.0226955 0.0381197
12 0.309224 0.340428 0.0167971 0.0280151
6 0.667824 0.374115 0.0102797 0.0188095
127 0.60282 0.234261 0.0300112 0.0236549
