0 0.694937 0.119998 0.0450258 0.0740024
81 0.697561 0.186422 0.0339519 0.0593308
6 0.219097 0.294786 0.021234 0.0406396
81 0.256878 0.335472 0.0165352 0.033483
21 0.256871 0.367037 0.0161156 0.0294173
6 0.420804 0.396496 0.0100899 0.0170469
81 0.692471 0.19286 0.0445341 0.0734471
86 0.256856 0.335267 0.0166817 0.0331227
0 0.694937 0.119998 0.0450258 0.0740024
81 0.697561 0.186422 0.0339519 0.0593308
6 0.219097 0.294786 0.021234 0.0406396
81 0.256878 0.335472 0.0165352 0.033483
21 0.256871 0.367037 0.0161156 0.0294173
6 0.420804 0.396496 0.0100899 0.0170469
81 0.692471 0.19286 0.0445341 0.0734471
86 0.256856 0.335267 0.0166817 0.0331227
