6 0.168277 0.241876 0.0252478 0.0472869
6 0.7687 0.104268 0.0494095 0.0853509
21 0.210967 0.326981 0.0186412 0.0353413
81 0.812363 0.0511914 0.0507016 0.0842162
6 0.413842 0.37109 0.0110386 0.0192518
46 0.582698 0.348079 0.0108353 0.0193876
81 0.211581 0.289138 0.0186946 0.0391275
6 0.17034 0.302838 0.00973167 0.0268504
6 0.168277 0.241876 0.0252478 0.0472869
6 0.7687 0.104268 0.0494095 0.0853509
21 0.210967 0.326981 0.0186412 0.0353413
81 0.812363 0.0511914 0.0507016 0.0842162
6 0.413842 0.37109 0.0110386 0.0192518
46 0.582698 0.348079 0.0108353 0.0193876
81 0.211581 0.289138 0.0186946 0.0391275
6 0.17034 0.302838 0.00973167 0.0268504
