0 0.649045 0.183219 0.0350771 0.0605375
6 0.434417 0.0557799 0.0317332 0.0530172
81 0.649197 0.239744 0.0293581 0.0535704
6 0.249017 0.30562 0.0194757 0.0358185
6 0.0297189 0.359534 0.0189846 0.0415619
6 0.42521 0.394313 0.0100737 0.0178482
21 0.283252 0.370174 0.0142949 0.0248574
6 0.0527755 0.357013 0.0130201 0.048027
0 0.649045 0.183219 0.0350771 0.0605375
6 0.434417 0.0557799 0.0317332 0.0530172
81 0.649197 0.239744 0.0293581 0.0535704
6 0.249017 0.30562 0.0194757 0.0358185
6 0.0297189 0.359534 0.0189846 0.0415619
6 0.42521 0.394313 0.0100737 0.0178482
21 0.283252 0.370174 0.0142949 0.0248574
6 0.0527755 0.357013 0.0130201 0.048027
