25 0.177267 0.204492 0.0337797 0.0623382
6 0.45096 0.184054 0.0226917 0.0403943
12 0.577157 0.268271 0.0192791 0.0335915
6 0.320366 0.355181 0.0193503 0.0348143
25 0.822651 0.290442 0.0167948 0.0445682
6 0.648681 0.350616 0.0100868 0.0187595
12 0.321608 0.324106 0.015348 0.0248543
25 0.177267 0.204492 0.0337797 0.0623382
6 0.45096 0.184054 0.0226917 0.0403943
12 0.577157 0.268271 0.0192791 0.0335915
6 0.320366 0.355181 0.0193503 0.0348143
25 0.822651 0.290442 0.0167948 0.0445682
6 0.648681 0.350616 0.0100868 0.0187595
12 0.321608 0.324106 0.015348 0.0248543
