6 0.168257 0.241919 0.0251768 0.0469162
6 0.768562 0.104162 0.0492977 0.0853943
21 0.211018 0.327003 0.0188614 0.035708
6 0.413766 0.371041 0.0109213 0.0195154
81 0.812327 0.051185 0.0507492 0.0839122
46 0.582732 0.348208 0.0108006 0.0192781
81 0.211691 0.289147 0.0189212 0.0392749
25 0.58247 0.388256 0.010177 0.0172436
6 0.170585 0.302205 0.00980239 0.0268703
6 0.168257 0.241919 0.0251768 0.0469162
6 0.768562 0.104162 0.0492977 0.0853943
21 0.211018 0.327003 0.0188614 0.035708
6 0.413766 0.371041 0.0109213 0.0195154
81 0.812327 0.051185 0.0507492 0.0839122
46 0.582732 0.348208 0.0108006 0.0192781
81 0.211691 0.289147 0.0189212 0.0392749
25 0.58247 0.388256 0.010177 0.0172436
6 0.170585 0.302205 0.00980239 0.0268703
