6 0.168285 0.24183 0.0252414 0.0471931
6 0.768615 0.104282 0.049293 0.0852489
21 0.211006 0.326988 0.0187291 0.0355089
6 0.413823 0.371059 0.0110003 0.018998
81 0.812373 0.0512186 0.0507282 0.0839062
46 0.582702 0.348158 0.0107939 0.019205
81 0.211675 0.289203 0.0189107 0.0393361
6 0.170673 0.302354 0.00975649 0.0265205
6 0.168285 0.24183 0.0252414 0.0471931
6 0.768615 0.104282 0.049293 0.0852489
21 0.211006 0.326988 0.0187291 0.0355089
6 0.413823 0.371059 0.0110003 0.018998
81 0.812373 0.0512186 0.0507282 0.0839062
46 0.582702 0.348158 0.0107939 0.019205
81 0.211675 0.289203 0.0189107 0.0393361
6 0.170673 0.302354 0.00975649 0.0265205
