0 0.700482 0.110929 0.046541 0.0765192
21 0.255148 0.361251 0.0162685 0.0309031
81 0.702887 0.178506 0.0357161 0.0593734
6 0.216854 0.28865 0.0210958 0.0399429
6 0.420844 0.391852 0.010571 0.0185495
6 0.68699 0.200485 0.0316143 0.0658821
6 0.693576 0.194548 0.0444611 0.0784007
0 0.700482 0.110929 0.046541 0.0765192
21 0.255148 0.361251 0.0162685 0.0309031
81 0.702887 0.178506 0.0357161 0.0593734
6 0.216854 0.28865 0.0210958 0.0399429
6 0.420844 0.391852 0.010571 0.0185495
6 0.68699 0.200485 0.0316143 0.0658821
6 0.693576 0.194548 0.0444611 0.0784007
