46 0.882544 0.38716 0.0156342 0.0345612
6 0.505888 0.327382 0.0131941 0.0235259
6 0.992766 0.426668 0.0129787 0.0254591
12 0.93996 0.236685 0.0216606 0.0532974
6 0.425954 0.420502 0.0125798 0.0218097
127 0.937975 0.199959 0.0237808 0.0243069
12 0.580076 0.375788 0.0101173 0.0181539
6 0.984693 0.335814 0.00999985 0.0229269
46 0.882544 0.38716 0.0156342 0.0345612
6 0.505888 0.327382 0.0131941 0.0235259
6 0.992766 0.426668 0.0129787 0.0254591
12 0.93996 0.236685 0.0216606 0.0532974
6 0.425954 0.420502 0.0125798 0.0218097
127 0.937975 0.199959 0.0237808 0.0243069
12 0.580076 0.375788 0.0101173 0.0181539
6 0.984693 0.335814 0.00999985 0.0229269
