6 0.1682 0.242014 0.02515 0.0471202
6 0.768676 0.104323 0.0497939 0.085851
21 0.211025 0.327117 0.0186996 0.0359873
6 0.413796 0.371147 0.0109566 0.0188783
81 0.812414 0.0511929 0.050795 0.0840485
46 0.582898 0.348184 0.0107321 0.0196085
81 0.211542 0.289306 0.019179 0.0395127
25 0.58248 0.388164 0.0104177 0.0180803
6 0.1682 0.242014 0.02515 0.0471202
6 0.768676 0.104323 0.0497939 0.085851
21 0.211025 0.327117 0.0186996 0.0359873
6 0.413796 0.371147 0.0109566 0.0188783
81 0.812414 0.0511929 0.050795 0.0840485
46 0.582898 0.348184 0.0107321 0.0196085
81 0.211542 0.289306 0.019179 0.0395127
25 0.58248 0.388164 0.0104177 0.0180803
