81 0.726113 0.152273 0.0379733 0.0656912
0 0.7233 0.0783785 0.0499541 0.0840414
6 0.203635 0.281527 0.0230263 0.0427148
21 0.242969 0.357879 0.0176017 0.0320894
6 0.706437 0.181594 0.0388525 0.0704776
81 0.243151 0.323744 0.0177283 0.0355663
6 0.418372 0.390146 0.0105289 0.0187526
81 0.726113 0.152273 0.0379733 0.0656912
0 0.7233 0.0783785 0.0499541 0.0840414
6 0.203635 0.281527 0.0230263 0.0427148
21 0.242969 0.357879 0.0176017 0.0320894
6 0.706437 0.181594 0.0388525 0.0704776
81 0.243151 0.323744 0.0177283 0.0355663
6 0.418372 0.390146 0.0105289 0.0187526
