6 0.168237 0.241852 0.0251535 0.0469451
6 0.768609 0.104254 0.0494909 0.0853146
21 0.211007 0.326993 0.0186659 0.0354391
6 0.413855 0.371156 0.0110076 0.0190805
81 0.812425 0.051257 0.0507639 0.0841107
46 0.582702 0.348093 0.0108376 0.019477
81 0.211568 0.289132 0.0188521 0.039323
6 0.170462 0.30284 0.00955696 0.0264148
25 0.582414 0.388236 0.0102343 0.0172092
6 0.168237 0.241852 0.0251535 0.0469451
6 0.768609 0.104254 0.0494909 0.0853146
21 0.211007 0.326993 0.0186659 0.0354391
6 0.413855 0.371156 0.0110076 0.0190805
81 0.812425 0.051257 0.0507639 0.0841107
46 0.582702 0.348093 0.0108376 0.019477
81 0.211568 0.289132 0.0188521 0.039323
6 0.170462 0.30284 0.00955696 0.0264148
25 0.582414 0.388236 0.0102343 0.0172092
