31 0.709756 0.228408 0.0315027 0.0572968
34 0.711091 0.289745 0.0319824 0.0566483
6 0.26083 0.400871 0.0122201 0.0253988
24 0.242704 0.345413 0.0135427 0.0239382
0 0.547974 0.340934 0.0141081 0.0247412
6 0.221671 0.394784 0.00986681 0.0188134
6 0.346193 0.371953 0.0115018 0.0203419
28 0.602093 0.236289 0.0188431 0.0337965
6 0.455515 0.269815 0.0133312 0.0238155
31 0.709756 0.228408 0.0315027 0.0572968
34 0.711091 0.289745 0.0319824 0.0566483
6 0.26083 0.400871 0.0122201 0.0253988
24 0.242704 0.345413 0.0135427 0.0239382
0 0.547974 0.340934 0.0141081 0.0247412
6 0.221671 0.394784 0.00986681 0.0188134
6 0.346193 0.371953 0.0115018 0.0203419
28 0.602093 0.236289 0.0188431 0.0337965
6 0.455515 0.269815 0.0133312 0.0238155
