0 0.670781 0.154937 0.0399807 0.0683011
81 0.67103 0.216893 0.0338118 0.0567818
6 0.430088 0.0244106 0.0346128 0.0488213
6 0.234857 0.302111 0.0200033 0.0385958
6 0.00704703 0.361853 0.014048 0.0453261
6 0.423331 0.395948 0.0100459 0.0177875
21 0.270757 0.370462 0.0148479 0.0262961
6 0.0139607 0.35746 0.0249703 0.0553484
0 0.670781 0.154937 0.0399807 0.0683011
81 0.67103 0.216893 0.0338118 0.0567818
6 0.430088 0.0244106 0.0346128 0.0488213
6 0.234857 0.302111 0.0200033 0.0385958
6 0.00704703 0.361853 0.014048 0.0453261
6 0.423331 0.395948 0.0100459 0.0177875
21 0.270757 0.370462 0.0148479 0.0262961
6 0.0139607 0.35746 0.0249703 0.0553484
