6 0.168237 0.241915 0.0252129 0.0468962
6 0.768563 0.10418 0.0492649 0.0853403
21 0.211062 0.327008 0.0188652 0.0356565
6 0.413764 0.371071 0.0109018 0.0194173
81 0.812321 0.0511952 0.0507034 0.083878
46 0.582711 0.348198 0.0107803 0.0192249
81 0.211703 0.289178 0.0189201 0.0392331
25 0.582501 0.38811 0.0101315 0.0171185
6 0.170546 0.302211 0.00991635 0.0263794
6 0.168237 0.241915 0.0252129 0.0468962
6 0.768563 0.10418 0.0492649 0.0853403
21 0.211062 0.327008 0.0188652 0.0356565
6 0.413764 0.371071 0.0109018 0.0194173
81 0.812321 0.0511952 0.0507034 0.083878
46 0.582711 0.348198 0.0107803 0.0192249
81 0.211703 0.289178 0.0189201 0.0392331
25 0.582501 0.38811 0.0101315 0.0171185
6 0.170546 0.302211 0.00991635 0.0263794
