6 0.168208 0.241915 0.0251202 0.0468242
6 0.768584 0.104241 0.0493343 0.0851219
21 0.211005 0.327229 0.0185581 0.03595
81 0.812401 0.0511793 0.0507837 0.0841495
6 0.413906 0.371124 0.0109484 0.0188273
46 0.582812 0.348149 0.0107867 0.0193351
81 0.211603 0.289307 0.0192818 0.0392792
6 0.168208 0.241915 0.0251202 0.0468242
6 0.768584 0.104241 0.0493343 0.0851219
21 0.211005 0.327229 0.0185581 0.03595
81 0.812401 0.0511793 0.0507837 0.0841495
6 0.413906 0.371124 0.0109484 0.0188273
46 0.582812 0.348149 0.0107867 0.0193351
81 0.211603 0.289307 0.0192818 0.0392792
