6 0.16827 0.241912 0.0251961 0.0468695
6 0.768585 0.10419 0.0491905 0.0852823
21 0.211051 0.327007 0.0188293 0.0356394
6 0.413839 0.371042 0.0111052 0.0193259
81 0.812385 0.051242 0.0507019 0.0839292
46 0.582729 0.348198 0.0108062 0.0193493
81 0.211748 0.289272 0.0189779 0.0394045
6 0.170632 0.302211 0.0096272 0.0265868
6 0.16827 0.241912 0.0251961 0.0468695
6 0.768585 0.10419 0.0491905 0.0852823
21 0.211051 0.327007 0.0188293 0.0356394
6 0.413839 0.371042 0.0111052 0.0193259
81 0.812385 0.051242 0.0507019 0.0839292
46 0.582729 0.348198 0.0108062 0.0193493
81 0.211748 0.289272 0.0189779 0.0394045
6 0.170632 0.302211 0.0096272 0.0265868
