25 0.128149 0.186321 0.0383769 0.0735235
6 0.314426 0.374459 0.0213272 0.0378164
6 0.453213 0.186627 0.0239088 0.0425413
25 0.884238 0.291787 0.0202408 0.0504437
12 0.589627 0.279403 0.0207462 0.0360177
12 0.315397 0.340326 0.0167303 0.0270138
125 0.883167 0.333756 0.0233114 0.0250579
6 0.658219 0.371877 0.00993052 0.0182963
25 0.128149 0.186321 0.0383769 0.0735235
6 0.314426 0.374459 0.0213272 0.0378164
6 0.453213 0.186627 0.0239088 0.0425413
25 0.884238 0.291787 0.0202408 0.0504437
12 0.589627 0.279403 0.0207462 0.0360177
12 0.315397 0.340326 0.0167303 0.0270138
125 0.883167 0.333756 0.0233114 0.0250579
6 0.658219 0.371877 0.00993052 0.0182963
