6 0.168197 0.242027 0.0251627 0.0471387
6 0.768652 0.104307 0.0497224 0.0856964
21 0.211076 0.327135 0.0185661 0.0359494
81 0.812331 0.0512139 0.0507559 0.083993
46 0.582868 0.348106 0.0108077 0.0195216
6 0.413734 0.371104 0.0108143 0.0189696
81 0.211555 0.289304 0.0191778 0.0394091
6 0.168197 0.242027 0.0251627 0.0471387
6 0.768652 0.104307 0.0497224 0.0856964
21 0.211076 0.327135 0.0185661 0.0359494
81 0.812331 0.0512139 0.0507559 0.083993
46 0.582868 0.348106 0.0108077 0.0195216
6 0.413734 0.371104 0.0108143 0.0189696
81 0.211555 0.289304 0.0191778 0.0394091
