6 0.168194 0.241912 0.0250954 0.0468207
6 0.76858 0.104241 0.0493618 0.0851403
21 0.210998 0.327225 0.0185641 0.0359673
81 0.812402 0.0511723 0.0507863 0.08414
6 0.413906 0.371132 0.0109536 0.0188529
46 0.582812 0.348127 0.0107738 0.0193092
81 0.211594 0.289299 0.0192752 0.0392885
6 0.168194 0.241912 0.0250954 0.0468207
6 0.76858 0.104241 0.0493618 0.0851403
21 0.210998 0.327225 0.0185641 0.0359673
81 0.812402 0.0511723 0.0507863 0.08414
6 0.413906 0.371132 0.0109536 0.0188529
46 0.582812 0.348127 0.0107738 0.0193092
81 0.211594 0.289299 0.0192752 0.0392885
