0 0.583496 0.291643 0.0228605 0.0392325
6 0.453838 0.200493 0.0196775 0.0353115
28 0.14071 0.301778 0.0179031 0.0364672
6 0.153173 0.381523 0.0145452 0.028282
81 0.585379 0.326329 0.0205843 0.0300252
6 0.192369 0.384904 0.0131894 0.0348044
6 0.3149 0.348578 0.0135215 0.0249524
39 0.708974 0.382151 0.0180592 0.036179
0 0.583496 0.291643 0.0228605 0.0392325
6 0.453838 0.200493 0.0196775 0.0353115
28 0.14071 0.301778 0.0179031 0.0364672
6 0.153173 0.381523 0.0145452 0.028282
81 0.585379 0.326329 0.0205843 0.0300252
6 0.192369 0.384904 0.0131894 0.0348044
6 0.3149 0.348578 0.0135215 0.0249524
39 0.708974 0.382151 0.0180592 0.036179
