6 0.168201 0.24201 0.0251828 0.047138
6 0.76864 0.104285 0.0497564 0.0857293
21 0.211039 0.32715 0.0186475 0.036078
6 0.413702 0.371145 0.0108422 0.0189788
81 0.812377 0.0512227 0.0508581 0.0840758
46 0.582812 0.348188 0.0108362 0.0197267
81 0.211466 0.289312 0.0190497 0.0393683
6 0.168201 0.24201 0.0251828 0.047138
6 0.76864 0.104285 0.0497564 0.0857293
21 0.211039 0.32715 0.0186475 0.036078
6 0.413702 0.371145 0.0108422 0.0189788
81 0.812377 0.0512227 0.0508581 0.0840758
46 0.582812 0.348188 0.0108362 0.0197267
81 0.211466 0.289312 0.0190497 0.0393683
