6 0.168159 0.243181 0.0250793 0.0469764
6 0.768561 0.10503 0.0494541 0.0850962
21 0.211073 0.328234 0.0186228 0.0366469
81 0.812239 0.0519502 0.0507942 0.0840502
46 0.582902 0.348417 0.0105562 0.0189245
6 0.413676 0.372049 0.01096 0.0182328
81 0.211492 0.29007 0.0192793 0.0393655
6 0.168159 0.243181 0.0250793 0.0469764
6 0.768561 0.10503 0.0494541 0.0850962
21 0.211073 0.328234 0.0186228 0.0366469
81 0.812239 0.0519502 0.0507942 0.0840502
46 0.582902 0.348417 0.0105562 0.0189245
6 0.413676 0.372049 0.01096 0.0182328
81 0.211492 0.29007 0.0192793 0.0393655
