6 0.16821 0.242017 0.0252 0.0472006
6 0.768659 0.104308 0.049789 0.0856949
21 0.211045 0.327146 0.0186351 0.0360535
6 0.41371 0.371137 0.0108007 0.0189031
81 0.812393 0.0512275 0.0508519 0.0840747
46 0.582793 0.348183 0.0108359 0.0197129
81 0.211491 0.289312 0.0190854 0.0394212
6 0.16821 0.242017 0.0252 0.0472006
6 0.768659 0.104308 0.049789 0.0856949
21 0.211045 0.327146 0.0186351 0.0360535
6 0.41371 0.371137 0.0108007 0.0189031
81 0.812393 0.0512275 0.0508519 0.0840747
46 0.582793 0.348183 0.0108359 0.0197129
81 0.211491 0.289312 0.0190854 0.0394212
