81 0.593482 0.32238 0.0214804 0.0318768
0 0.591704 0.286823 0.023134 0.0399378
6 0.451558 0.188073 0.0217332 0.0376961
6 0.304273 0.347745 0.0144149 0.0277995
6 0.171337 0.385015 0.0135733 0.0374296
6 0.133546 0.381595 0.0140744 0.0298719
39 0.728808 0.385525 0.0200613 0.0392949
6 0.437012 0.413222 0.00964184 0.0170361
81 0.593482 0.32238 0.0214804 0.0318768
0 0.591704 0.286823 0.023134 0.0399378
6 0.451558 0.188073 0.0217332 0.0376961
6 0.304273 0.347745 0.0144149 0.0277995
6 0.171337 0.385015 0.0135733 0.0374296
6 0.133546 0.381595 0.0140744 0.0298719
39 0.728808 0.385525 0.0200613 0.0392949
6 0.437012 0.413222 0.00964184 0.0170361
