6 0.168307 0.241859 0.0252246 0.0471792
6 0.76862 0.104243 0.049202 0.0851153
21 0.211007 0.327035 0.018698 0.0355138
6 0.413818 0.371066 0.0109846 0.019013
81 0.812366 0.0512189 0.0507565 0.0839181
46 0.582688 0.348169 0.0107566 0.0192284
81 0.211686 0.289216 0.0188645 0.0393548
6 0.170667 0.302135 0.00970757 0.0264796
6 0.168307 0.241859 0.0252246 0.0471792
6 0.76862 0.104243 0.049202 0.0851153
21 0.211007 0.327035 0.018698 0.0355138
6 0.413818 0.371066 0.0109846 0.019013
81 0.812366 0.0512189 0.0507565 0.0839181
46 0.582688 0.348169 0.0107566 0.0192284
81 0.211686 0.289216 0.0188645 0.0393548
6 0.170667 0.302135 0.00970757 0.0264796
