25 0.181383 0.208589 0.0334058 0.0612668
6 0.450845 0.18722 0.0223146 0.0395137
6 0.321151 0.356753 0.0193237 0.0344074
12 0.575832 0.271698 0.018108 0.0321024
25 0.816919 0.292392 0.01544 0.0426918
12 0.322044 0.326321 0.0151068 0.0246595
6 0.647743 0.351805 0.0101448 0.0183079
25 0.816929 0.284704 0.0145084 0.028155
25 0.816949 0.299677 0.0154972 0.0324538
25 0.181383 0.208589 0.0334058 0.0612668
6 0.450845 0.18722 0.0223146 0.0395137
6 0.321151 0.356753 0.0193237 0.0344074
12 0.575832 0.271698 0.018108 0.0321024
25 0.816919 0.292392 0.01544 0.0426918
12 0.322044 0.326321 0.0151068 0.0246595
6 0.647743 0.351805 0.0101448 0.0183079
25 0.816929 0.284704 0.0145084 0.028155
25 0.816949 0.299677 0.0154972 0.0324538
