6 0.46126 0.242781 0.0192722 0.0346511
12 0.35263 0.34992 0.013296 0.0229674
25 0.283404 0.289717 0.0236399 0.0448449
6 0.352222 0.376518 0.0159255 0.0284767
12 0.562257 0.309939 0.0150018 0.0244431
25 0.71583 0.345537 0.0118514 0.0336471
6 0.638579 0.366917 0.00958195 0.0163489
6 0.46126 0.242781 0.0192722 0.0346511
12 0.35263 0.34992 0.013296 0.0229674
25 0.283404 0.289717 0.0236399 0.0448449
6 0.352222 0.376518 0.0159255 0.0284767
12 0.562257 0.309939 0.0150018 0.0244431
25 0.71583 0.345537 0.0118514 0.0336471
6 0.638579 0.366917 0.00958195 0.0163489
