6 0.168224 0.241852 0.025142 0.0469051
6 0.768599 0.104276 0.0494804 0.0853172
21 0.211009 0.327006 0.0186137 0.0353051
81 0.812413 0.0512361 0.0507772 0.0840795
6 0.413839 0.371165 0.0110043 0.0190287
46 0.582713 0.348054 0.010861 0.0194996
81 0.211644 0.289205 0.0189616 0.0393969
6 0.170524 0.302764 0.009482 0.0264328
25 0.582457 0.388217 0.0102789 0.0173443
6 0.168224 0.241852 0.025142 0.0469051
6 0.768599 0.104276 0.0494804 0.0853172
21 0.211009 0.327006 0.0186137 0.0353051
81 0.812413 0.0512361 0.0507772 0.0840795
6 0.413839 0.371165 0.0110043 0.0190287
46 0.582713 0.348054 0.010861 0.0194996
81 0.211644 0.289205 0.0189616 0.0393969
6 0.170524 0.302764 0.009482 0.0264328
25 0.582457 0.388217 0.0102789 0.0173443
