31 0.597315 0.308368 0.0206318 0.0358365
6 0.231633 0.405559 0.0097147 0.0181759
34 0.597525 0.348109 0.0204386 0.0361074
6 0.269301 0.410698 0.0107194 0.0205489
28 0.543069 0.291817 0.0140949 0.0258608
0 0.508808 0.359297 0.0119975 0.0199215
81 0.508973 0.379431 0.00995178 0.0182856
31 0.597315 0.308368 0.0206318 0.0358365
6 0.231633 0.405559 0.0097147 0.0181759
34 0.597525 0.348109 0.0204386 0.0361074
6 0.269301 0.410698 0.0107194 0.0205489
28 0.543069 0.291817 0.0140949 0.0258608
0 0.508808 0.359297 0.0119975 0.0199215
81 0.508973 0.379431 0.00995178 0.0182856
