6 0.168207 0.242005 0.0251939 0.0471822
6 0.768662 0.104295 0.0497793 0.0858562
21 0.211015 0.327122 0.0186936 0.0360414
6 0.413796 0.371117 0.011017 0.018895
81 0.81239 0.0512199 0.0508596 0.084075
46 0.582851 0.348211 0.010812 0.0197417
81 0.211477 0.289309 0.0190984 0.0393626
6 0.168207 0.242005 0.0251939 0.0471822
6 0.768662 0.104295 0.0497793 0.0858562
21 0.211015 0.327122 0.0186936 0.0360414
6 0.413796 0.371117 0.011017 0.018895
81 0.81239 0.0512199 0.0508596 0.084075
46 0.582851 0.348211 0.010812 0.0197417
81 0.211477 0.289309 0.0190984 0.0393626
