6 0.168292 0.241894 0.0251956 0.0471491
6 0.768666 0.104239 0.0492567 0.0852066
21 0.210974 0.326989 0.0186987 0.0353706
6 0.413828 0.37113 0.0110046 0.0190894
81 0.812384 0.0511302 0.0507618 0.0840368
46 0.582717 0.348154 0.0108267 0.0194567
81 0.211577 0.289199 0.0188028 0.0393957
6 0.170395 0.302182 0.00980859 0.0265828
25 0.582439 0.388171 0.0102388 0.017366
6 0.168292 0.241894 0.0251956 0.0471491
6 0.768666 0.104239 0.0492567 0.0852066
21 0.210974 0.326989 0.0186987 0.0353706
6 0.413828 0.37113 0.0110046 0.0190894
81 0.812384 0.0511302 0.0507618 0.0840368
46 0.582717 0.348154 0.0108267 0.0194567
81 0.211577 0.289199 0.0188028 0.0393957
6 0.170395 0.302182 0.00980859 0.0265828
25 0.582439 0.388171 0.0102388 0.017366
