25 0.976105 0.268616 0.0283442 0.061237
25 0.0508005 0.137299 0.0448175 0.0894195
12 0.606337 0.266756 0.0225245 0.0397997
6 0.456119 0.164051 0.0268188 0.046609
6 0.306643 0.374962 0.0207019 0.0400859
12 0.30771 0.33748 0.0158551 0.0294882
127 0.606514 0.232203 0.0299392 0.0239921
6 0.670462 0.374256 0.0103657 0.0187603
25 0.976105 0.268616 0.0283442 0.061237
25 0.0508005 0.137299 0.0448175 0.0894195
12 0.606337 0.266756 0.0225245 0.0397997
6 0.456119 0.164051 0.0268188 0.046609
6 0.306643 0.374962 0.0207019 0.0400859
12 0.30771 0.33748 0.0158551 0.0294882
127 0.606514 0.232203 0.0299392 0.0239921
6 0.670462 0.374256 0.0103657 0.0187603
