6 0.168299 0.241913 0.0252044 0.0472005
6 0.768676 0.10426 0.0492846 0.0852429
21 0.210956 0.326962 0.0187664 0.0354083
6 0.413832 0.37111 0.0109899 0.0190823
81 0.812386 0.0511249 0.0507494 0.0840413
46 0.582736 0.348153 0.0108412 0.0194836
81 0.211584 0.289191 0.0188145 0.0393766
6 0.170375 0.302226 0.00986061 0.0269402
25 0.58248 0.388067 0.0102253 0.017361
6 0.168299 0.241913 0.0252044 0.0472005
6 0.768676 0.10426 0.0492846 0.0852429
21 0.210956 0.326962 0.0187664 0.0354083
6 0.413832 0.37111 0.0109899 0.0190823
81 0.812386 0.0511249 0.0507494 0.0840413
46 0.582736 0.348153 0.0108412 0.0194836
81 0.211584 0.289191 0.0188145 0.0393766
6 0.170375 0.302226 0.00986061 0.0269402
25 0.58248 0.388067 0.0102253 0.017361
