6 0.168234 0.241904 0.0251979 0.046857
6 0.76855 0.104202 0.04925 0.0852839
21 0.211061 0.327008 0.0188713 0.0356621
6 0.413759 0.371054 0.0109018 0.0194158
46 0.582726 0.348194 0.0107939 0.0192718
81 0.812308 0.0511884 0.050708 0.0838696
81 0.211707 0.289192 0.018928 0.0392814
6 0.170618 0.302177 0.00965295 0.0265009
6 0.168234 0.241904 0.0251979 0.046857
6 0.76855 0.104202 0.04925 0.0852839
21 0.211061 0.327008 0.0188713 0.0356621
6 0.413759 0.371054 0.0109018 0.0194158
46 0.582726 0.348194 0.0107939 0.0192718
81 0.812308 0.0511884 0.050708 0.0838696
81 0.211707 0.289192 0.018928 0.0392814
6 0.170618 0.302177 0.00965295 0.0265009
