6 0.168273 0.241906 0.0251219 0.0467443
6 0.768606 0.104191 0.0491353 0.0852226
21 0.211061 0.327047 0.0188014 0.0356163
6 0.413837 0.371034 0.0111093 0.0192705
81 0.812372 0.0512359 0.050684 0.0839696
46 0.582726 0.348182 0.0107608 0.0192446
81 0.211756 0.289288 0.0189715 0.0394027
6 0.168273 0.241906 0.0251219 0.0467443
6 0.768606 0.104191 0.0491353 0.0852226
21 0.211061 0.327047 0.0188014 0.0356163
6 0.413837 0.371034 0.0111093 0.0192705
81 0.812372 0.0512359 0.050684 0.0839696
46 0.582726 0.348182 0.0107608 0.0192446
81 0.211756 0.289288 0.0189715 0.0394027
