25 0.319671 0.317337 0.0219142 0.0387808
6 0.474668 0.267226 0.0166035 0.0291623
6 0.372304 0.390417 0.0147861 0.026523
12 0.567626 0.330336 0.0140644 0.0233974
128 0.56878 0.309533 0.0188505 0.0146119
127 0.568821 0.309434 0.0192711 0.0148444
6 0.644998 0.379012 0.00879726 0.016006
25 0.319671 0.317337 0.0219142 0.0387808
6 0.474668 0.267226 0.0166035 0.0291623
6 0.372304 0.390417 0.0147861 0.026523
12 0.567626 0.330336 0.0140644 0.0233974
128 0.56878 0.309533 0.0188505 0.0146119
127 0.568821 0.309434 0.0192711 0.0148444
6 0.644998 0.379012 0.00879726 0.016006
