6 0.168248 0.241877 0.0251613 0.046753
6 0.768591 0.104221 0.0492153 0.0853104
21 0.211053 0.327028 0.0188097 0.0356423
6 0.413833 0.371058 0.0110727 0.0193108
81 0.812375 0.051222 0.0507296 0.0839646
46 0.582728 0.34813 0.0107618 0.0192479
81 0.211735 0.289258 0.0189838 0.0393926
6 0.168248 0.241877 0.0251613 0.046753
6 0.768591 0.104221 0.0492153 0.0853104
21 0.211053 0.327028 0.0188097 0.0356423
6 0.413833 0.371058 0.0110727 0.0193108
81 0.812375 0.051222 0.0507296 0.0839646
46 0.582728 0.34813 0.0107618 0.0192479
81 0.211735 0.289258 0.0189838 0.0393926
