6 0.168275 0.241904 0.0252175 0.0468499
6 0.768575 0.104224 0.0492556 0.0853588
21 0.211063 0.327016 0.0188539 0.035645
6 0.413743 0.371056 0.0109159 0.0194405
81 0.812319 0.0511832 0.0507309 0.0838888
46 0.582726 0.348209 0.0108156 0.0193158
81 0.211704 0.289219 0.0189359 0.0392924
6 0.170588 0.30213 0.00977364 0.0266428
6 0.168275 0.241904 0.0252175 0.0468499
6 0.768575 0.104224 0.0492556 0.0853588
21 0.211063 0.327016 0.0188539 0.035645
6 0.413743 0.371056 0.0109159 0.0194405
81 0.812319 0.0511832 0.0507309 0.0838888
46 0.582726 0.348209 0.0108156 0.0193158
81 0.211704 0.289219 0.0189359 0.0392924
6 0.170588 0.30213 0.00977364 0.0266428
