0 0.707976 0.0997114 0.0473373 0.0792766
81 0.71045 0.169893 0.0359208 0.0621287
6 0.213392 0.284167 0.0218497 0.0409302
21 0.252314 0.3576 0.0166842 0.0299676
81 0.25153 0.3251 0.0166657 0.0323955
6 0.420199 0.38976 0.0111215 0.0191661
39 0.981508 0.32653 0.032365 0.090948
6 0.692823 0.193531 0.0329084 0.067571
46 0.575478 0.368734 0.0103523 0.0176607
0 0.707976 0.0997114 0.0473373 0.0792766
81 0.71045 0.169893 0.0359208 0.0621287
6 0.213392 0.284167 0.0218497 0.0409302
21 0.252314 0.3576 0.0166842 0.0299676
81 0.25153 0.3251 0.0166657 0.0323955
6 0.420199 0.38976 0.0111215 0.0191661
39 0.981508 0.32653 0.032365 0.090948
6 0.692823 0.193531 0.0329084 0.067571
46 0.575478 0.368734 0.0103523 0.0176607
