6 0.168306 0.241884 0.0252855 0.0472983
6 0.768643 0.104238 0.0493508 0.0852533
21 0.210996 0.327008 0.0187225 0.0354267
6 0.413829 0.37111 0.0109977 0.0190681
81 0.812354 0.0512443 0.0507668 0.0839749
46 0.582709 0.348179 0.010734 0.0193072
81 0.211658 0.289185 0.0187781 0.0393158
6 0.170697 0.302542 0.00954759 0.0266558
25 0.582443 0.388015 0.0102287 0.0171982
6 0.168306 0.241884 0.0252855 0.0472983
6 0.768643 0.104238 0.0493508 0.0852533
21 0.210996 0.327008 0.0187225 0.0354267
6 0.413829 0.37111 0.0109977 0.0190681
81 0.812354 0.0512443 0.0507668 0.0839749
46 0.582709 0.348179 0.010734 0.0193072
81 0.211658 0.289185 0.0187781 0.0393158
6 0.170697 0.302542 0.00954759 0.0266558
25 0.582443 0.388015 0.0102287 0.0171982
