0 0.640673 0.194994 0.0326759 0.0574502
81 0.64069 0.248091 0.0284244 0.0510919
6 0.435807 0.0698794 0.0306051 0.05107
6 0.253964 0.307392 0.0182943 0.0346669
6 0.0402007 0.358078 0.0187361 0.0398417
21 0.287814 0.370151 0.0135509 0.0243991
6 0.0653224 0.35686 0.0124412 0.0465912
6 0.42513 0.392962 0.0102068 0.0181586
0 0.640673 0.194994 0.0326759 0.0574502
81 0.64069 0.248091 0.0284244 0.0510919
6 0.435807 0.0698794 0.0306051 0.05107
6 0.253964 0.307392 0.0182943 0.0346669
6 0.0402007 0.358078 0.0187361 0.0398417
21 0.287814 0.370151 0.0135509 0.0243991
6 0.0653224 0.35686 0.0124412 0.0465912
6 0.42513 0.392962 0.0102068 0.0181586
