6 0.168292 0.241941 0.0253011 0.0472217
6 0.768592 0.104243 0.0492567 0.0853298
21 0.211037 0.326964 0.0187575 0.0355815
6 0.413797 0.371076 0.0110765 0.0191956
81 0.812393 0.0512119 0.0507101 0.0838786
46 0.582734 0.348212 0.0108128 0.0192527
81 0.211622 0.28916 0.0187649 0.0392671
6 0.17059 0.302483 0.00979998 0.0266591
6 0.168292 0.241941 0.0253011 0.0472217
6 0.768592 0.104243 0.0492567 0.0853298
21 0.211037 0.326964 0.0187575 0.0355815
6 0.413797 0.371076 0.0110765 0.0191956
81 0.812393 0.0512119 0.0507101 0.0838786
46 0.582734 0.348212 0.0108128 0.0192527
81 0.211622 0.28916 0.0187649 0.0392671
6 0.17059 0.302483 0.00979998 0.0266591
