6 0.168227 0.241857 0.0251719 0.0472445
6 0.768703 0.104463 0.0498713 0.0859441
21 0.211041 0.327213 0.0188107 0.0362855
81 0.8125 0.0513282 0.0509346 0.0843361
46 0.582809 0.348145 0.0109102 0.0198161
6 0.413748 0.371127 0.0109319 0.0189097
81 0.211517 0.289335 0.0192402 0.0396305
6 0.168227 0.241857 0.0251719 0.0472445
6 0.768703 0.104463 0.0498713 0.0859441
21 0.211041 0.327213 0.0188107 0.0362855
81 0.8125 0.0513282 0.0509346 0.0843361
46 0.582809 0.348145 0.0109102 0.0198161
6 0.413748 0.371127 0.0109319 0.0189097
81 0.211517 0.289335 0.0192402 0.0396305
