25 0.256173 0.274748 0.0265795 0.0481627
6 0.452321 0.232337 0.0196853 0.034333
6 0.337564 0.37402 0.0163586 0.0294203
12 0.558126 0.304367 0.0157366 0.0253891
12 0.339083 0.346907 0.0129135 0.0214277
25 0.729575 0.340059 0.0129645 0.0282439
6 0.63423 0.366948 0.00918951 0.016272
25 0.256173 0.274748 0.0265795 0.0481627
6 0.452321 0.232337 0.0196853 0.034333
6 0.337564 0.37402 0.0163586 0.0294203
12 0.558126 0.304367 0.0157366 0.0253891
12 0.339083 0.346907 0.0129135 0.0214277
25 0.729575 0.340059 0.0129645 0.0282439
6 0.63423 0.366948 0.00918951 0.016272
