6 0.168168 0.242125 0.0251889 0.0471312
6 0.768686 0.10433 0.0498495 0.0859452
21 0.211009 0.327325 0.0188715 0.0363869
6 0.413751 0.371216 0.0109254 0.0189754
81 0.812435 0.0511025 0.0508615 0.0840397
46 0.582815 0.348119 0.0108458 0.0198651
81 0.211456 0.289317 0.0192865 0.0396574
25 0.582741 0.387953 0.0104717 0.0181634
6 0.168168 0.242125 0.0251889 0.0471312
6 0.768686 0.10433 0.0498495 0.0859452
21 0.211009 0.327325 0.0188715 0.0363869
6 0.413751 0.371216 0.0109254 0.0189754
81 0.812435 0.0511025 0.0508615 0.0840397
46 0.582815 0.348119 0.0108458 0.0198651
81 0.211456 0.289317 0.0192865 0.0396574
25 0.582741 0.387953 0.0104717 0.0181634
