6 0.503926 0.323368 0.0129549 0.0231256
6 0.421991 0.418831 0.0127457 0.0220613
12 0.423638 0.39753 0.0128916 0.0205482
6 0.993255 0.338318 0.0127136 0.0293059
12 0.57825 0.37238 0.0111094 0.0194612
46 0.895134 0.38662 0.0170422 0.0358337
12 0.964982 0.229931 0.0210697 0.0570759
6 0.997594 0.429232 0.00479584 0.0275806
6 0.503926 0.323368 0.0129549 0.0231256
6 0.421991 0.418831 0.0127457 0.0220613
12 0.423638 0.39753 0.0128916 0.0205482
6 0.993255 0.338318 0.0127136 0.0293059
12 0.57825 0.37238 0.0111094 0.0194612
46 0.895134 0.38662 0.0170422 0.0358337
12 0.964982 0.229931 0.0210697 0.0570759
6 0.997594 0.429232 0.00479584 0.0275806
