6 0.168266 0.241925 0.0251892 0.0468792
6 0.768574 0.104178 0.0493343 0.0855219
21 0.211026 0.326991 0.0188289 0.0356358
6 0.413767 0.371077 0.0108796 0.0194411
81 0.812343 0.0511832 0.0507553 0.0838696
46 0.582723 0.348206 0.0107903 0.0192555
81 0.211686 0.289153 0.0188916 0.0392183
25 0.58242 0.38826 0.0101941 0.0172451
6 0.170375 0.302383 0.0101815 0.0263936
6 0.168266 0.241925 0.0251892 0.0468792
6 0.768574 0.104178 0.0493343 0.0855219
21 0.211026 0.326991 0.0188289 0.0356358
6 0.413767 0.371077 0.0108796 0.0194411
81 0.812343 0.0511832 0.0507553 0.0838696
46 0.582723 0.348206 0.0107903 0.0192555
81 0.211686 0.289153 0.0188916 0.0392183
25 0.58242 0.38826 0.0101941 0.0172451
6 0.170375 0.302383 0.0101815 0.0263936
