6 0.168264 0.241858 0.0252416 0.0472075
6 0.768595 0.104286 0.0493054 0.0853009
21 0.210997 0.326913 0.0187389 0.035484
6 0.413826 0.371056 0.0110218 0.0190621
81 0.812358 0.051207 0.0506937 0.0838553
46 0.582725 0.348173 0.0108155 0.0192168
81 0.211669 0.289205 0.0189108 0.0393387
6 0.170676 0.302367 0.0097723 0.0266709
6 0.168264 0.241858 0.0252416 0.0472075
6 0.768595 0.104286 0.0493054 0.0853009
21 0.210997 0.326913 0.0187389 0.035484
6 0.413826 0.371056 0.0110218 0.0190621
81 0.812358 0.051207 0.0506937 0.0838553
46 0.582725 0.348173 0.0108155 0.0192168
81 0.211669 0.289205 0.0189108 0.0393387
6 0.170676 0.302367 0.0097723 0.0266709
