6 0.168197 0.241965 0.0251635 0.0470997
6 0.768685 0.104266 0.0495659 0.0854673
21 0.211003 0.327083 0.0186002 0.0357976
81 0.812381 0.0512423 0.0507538 0.0840916
46 0.582831 0.348044 0.0107776 0.0196096
6 0.413831 0.371113 0.0107722 0.0188721
81 0.211536 0.289249 0.0191435 0.0392562
6 0.168197 0.241965 0.0251635 0.0470997
6 0.768685 0.104266 0.0495659 0.0854673
21 0.211003 0.327083 0.0186002 0.0357976
81 0.812381 0.0512423 0.0507538 0.0840916
46 0.582831 0.348044 0.0107776 0.0196096
6 0.413831 0.371113 0.0107722 0.0188721
81 0.211536 0.289249 0.0191435 0.0392562
