6 0.168268 0.241924 0.025167 0.0468227
6 0.768573 0.104221 0.0492751 0.0853555
21 0.211067 0.327019 0.0188588 0.0356535
6 0.4138 0.371025 0.0110576 0.0192982
81 0.812309 0.0511805 0.0507078 0.0838825
46 0.582734 0.348209 0.0108274 0.0193142
81 0.211707 0.289217 0.0189457 0.0392767
6 0.170693 0.302154 0.00967603 0.02644
6 0.168268 0.241924 0.025167 0.0468227
6 0.768573 0.104221 0.0492751 0.0853555
21 0.211067 0.327019 0.0188588 0.0356535
6 0.4138 0.371025 0.0110576 0.0192982
81 0.812309 0.0511805 0.0507078 0.0838825
46 0.582734 0.348209 0.0108274 0.0193142
81 0.211707 0.289217 0.0189457 0.0392767
6 0.170693 0.302154 0.00967603 0.02644
