31 0.761645 0.189627 0.0384832 0.0693701
0 0.555978 0.336391 0.0150187 0.0259925
6 0.251243 0.399418 0.0121635 0.0260913
6 0.211411 0.394743 0.0113692 0.0232071
6 0.45778 0.260778 0.0145548 0.0266404
34 0.764376 0.262876 0.0372856 0.0698888
81 0.557015 0.361186 0.0148744 0.0239122
28 0.228627 0.340243 0.0142522 0.0261303
31 0.761645 0.189627 0.0384832 0.0693701
0 0.555978 0.336391 0.0150187 0.0259925
6 0.251243 0.399418 0.0121635 0.0260913
6 0.211411 0.394743 0.0113692 0.0232071
6 0.45778 0.260778 0.0145548 0.0266404
34 0.764376 0.262876 0.0372856 0.0698888
81 0.557015 0.361186 0.0148744 0.0239122
28 0.228627 0.340243 0.0142522 0.0261303
