0 0.631337 0.209961 0.0320343 0.0544796
6 0.437502 0.0873363 0.0297882 0.0491502
6 0.260471 0.31146 0.0185069 0.0342743
81 0.29294 0.346214 0.01418 0.0264478
6 0.05231 0.358627 0.0176358 0.0376458
81 0.631906 0.260765 0.0276757 0.0492558
6 0.0801319 0.358605 0.0143255 0.0500441
6 0.425371 0.394928 0.0100952 0.0176469
0 0.631337 0.209961 0.0320343 0.0544796
6 0.437502 0.0873363 0.0297882 0.0491502
6 0.260471 0.31146 0.0185069 0.0342743
81 0.29294 0.346214 0.01418 0.0264478
6 0.05231 0.358627 0.0176358 0.0376458
81 0.631906 0.260765 0.0276757 0.0492558
6 0.0801319 0.358605 0.0143255 0.0500441
6 0.425371 0.394928 0.0100952 0.0176469
