6 0.168296 0.241918 0.0252883 0.0472502
6 0.768612 0.104193 0.0492199 0.0853516
21 0.211037 0.327011 0.0187724 0.0355281
6 0.413851 0.371075 0.0110373 0.0191578
81 0.812379 0.0512482 0.0507034 0.0838516
46 0.582716 0.34821 0.0107754 0.0192465
81 0.211752 0.289274 0.0190123 0.039403
6 0.17063 0.302364 0.00972886 0.0270081
6 0.168296 0.241918 0.0252883 0.0472502
6 0.768612 0.104193 0.0492199 0.0853516
21 0.211037 0.327011 0.0187724 0.0355281
6 0.413851 0.371075 0.0110373 0.0191578
81 0.812379 0.0512482 0.0507034 0.0838516
46 0.582716 0.34821 0.0107754 0.0192465
81 0.211752 0.289274 0.0190123 0.039403
6 0.17063 0.302364 0.00972886 0.0270081
