0 0.70436 0.104914 0.0460936 0.0763664
81 0.707565 0.173275 0.0343381 0.0594997
6 0.215038 0.285253 0.0214842 0.040413
21 0.253772 0.358489 0.0163517 0.0297088
6 0.420352 0.38967 0.0107759 0.0193949
6 0.691366 0.196796 0.0340863 0.0669125
46 0.575469 0.368123 0.0104201 0.0179545
0 0.70436 0.104914 0.0460936 0.0763664
81 0.707565 0.173275 0.0343381 0.0594997
6 0.215038 0.285253 0.0214842 0.040413
21 0.253772 0.358489 0.0163517 0.0297088
6 0.420352 0.38967 0.0107759 0.0193949
6 0.691366 0.196796 0.0340863 0.0669125
46 0.575469 0.368123 0.0104201 0.0179545
