81 0.636037 0.25405 0.027562 0.0498148
0 0.63577 0.201232 0.0320456 0.0553838
6 0.436327 0.0776299 0.030115 0.0503877
6 0.257341 0.308946 0.0185026 0.034599
6 0.0457502 0.358005 0.0179276 0.0385221
6 0.0724259 0.357882 0.013228 0.0478495
21 0.290275 0.370813 0.0133874 0.0246502
6 0.425148 0.393221 0.00962486 0.0170469
81 0.636037 0.25405 0.027562 0.0498148
0 0.63577 0.201232 0.0320456 0.0553838
6 0.436327 0.0776299 0.030115 0.0503877
6 0.257341 0.308946 0.0185026 0.034599
6 0.0457502 0.358005 0.0179276 0.0385221
6 0.0724259 0.357882 0.013228 0.0478495
21 0.290275 0.370813 0.0133874 0.0246502
6 0.425148 0.393221 0.00962486 0.0170469
