6 0.168165 0.242129 0.0251946 0.047169
6 0.768684 0.104361 0.0498199 0.085932
21 0.211039 0.327333 0.0188561 0.0363731
81 0.812446 0.0511933 0.0508679 0.0841411
6 0.413745 0.371221 0.0109228 0.0189507
46 0.582793 0.348154 0.0108288 0.0197931
81 0.211553 0.289435 0.0192543 0.0395638
25 0.582761 0.387936 0.0104139 0.0180467
6 0.168165 0.242129 0.0251946 0.047169
6 0.768684 0.104361 0.0498199 0.085932
21 0.211039 0.327333 0.0188561 0.0363731
81 0.812446 0.0511933 0.0508679 0.0841411
6 0.413745 0.371221 0.0109228 0.0189507
46 0.582793 0.348154 0.0108288 0.0197931
81 0.211553 0.289435 0.0192543 0.0395638
25 0.582761 0.387936 0.0104139 0.0180467
