6 0.168203 0.241958 0.0251763 0.0471964
6 0.768657 0.104257 0.0496479 0.0855723
21 0.211054 0.327102 0.0185805 0.0359785
46 0.582858 0.348077 0.0108282 0.0196381
81 0.812323 0.0512266 0.0507084 0.0840106
6 0.413752 0.371157 0.0108089 0.0189117
81 0.211566 0.289246 0.0191396 0.039345
6 0.168203 0.241958 0.0251763 0.0471964
6 0.768657 0.104257 0.0496479 0.0855723
21 0.211054 0.327102 0.0185805 0.0359785
46 0.582858 0.348077 0.0108282 0.0196381
81 0.812323 0.0512266 0.0507084 0.0840106
6 0.413752 0.371157 0.0108089 0.0189117
81 0.211566 0.289246 0.0191396 0.039345
