0 0.607547 0.249926 0.0267117 0.0452821
6 0.444376 0.13943 0.0247406 0.0429192
21 0.312655 0.381817 0.0121938 0.0212696
6 0.0945709 0.363992 0.0156701 0.0333833
6 0.283171 0.325497 0.0162485 0.0300205
28 0.0415954 0.257167 0.0192938 0.0474757
6 0.129029 0.365651 0.0138892 0.0418274
81 0.608776 0.292118 0.0238129 0.0386788
0 0.607547 0.249926 0.0267117 0.0452821
6 0.444376 0.13943 0.0247406 0.0429192
21 0.312655 0.381817 0.0121938 0.0212696
6 0.0945709 0.363992 0.0156701 0.0333833
6 0.283171 0.325497 0.0162485 0.0300205
28 0.0415954 0.257167 0.0192938 0.0474757
6 0.129029 0.365651 0.0138892 0.0418274
81 0.608776 0.292118 0.0238129 0.0386788
