25 0.269643 0.282019 0.0251136 0.0443484
6 0.456653 0.237169 0.0190827 0.0351512
12 0.559884 0.307124 0.0159708 0.024292
6 0.344294 0.374721 0.0163593 0.0293086
25 0.722549 0.343832 0.0111848 0.0307808
12 0.345376 0.347686 0.0132468 0.0213632
6 0.635939 0.366951 0.00906296 0.0167557
25 0.269643 0.282019 0.0251136 0.0443484
6 0.456653 0.237169 0.0190827 0.0351512
12 0.559884 0.307124 0.0159708 0.024292
6 0.344294 0.374721 0.0163593 0.0293086
25 0.722549 0.343832 0.0111848 0.0307808
12 0.345376 0.347686 0.0132468 0.0213632
6 0.635939 0.366951 0.00906296 0.0167557
