6 0.16818 0.241983 0.0251564 0.0470877
6 0.76866 0.104269 0.0495992 0.0854839
21 0.211031 0.327099 0.0186097 0.0359364
81 0.812377 0.0512322 0.0507273 0.0840541
6 0.413871 0.3711 0.0109848 0.0188744
46 0.582893 0.348052 0.0108232 0.0196674
81 0.211542 0.289234 0.019121 0.0392862
6 0.16818 0.241983 0.0251564 0.0470877
6 0.76866 0.104269 0.0495992 0.0854839
21 0.211031 0.327099 0.0186097 0.0359364
81 0.812377 0.0512322 0.0507273 0.0840541
6 0.413871 0.3711 0.0109848 0.0188744
46 0.582893 0.348052 0.0108232 0.0196674
81 0.211542 0.289234 0.019121 0.0392862
