0 0.71224 0.0941969 0.0482229 0.0803135
81 0.715216 0.164791 0.0365567 0.0620149
6 0.209835 0.285611 0.0220304 0.0407887
6 0.697066 0.192141 0.0351299 0.0688284
21 0.2487 0.36046 0.0162388 0.0312472
6 0.419331 0.392194 0.0104876 0.0182283
46 0.575155 0.369435 0.0104424 0.0176393
81 0.248841 0.327089 0.0175395 0.0330941
0 0.71224 0.0941969 0.0482229 0.0803135
81 0.715216 0.164791 0.0365567 0.0620149
6 0.209835 0.285611 0.0220304 0.0407887
6 0.697066 0.192141 0.0351299 0.0688284
21 0.2487 0.36046 0.0162388 0.0312472
6 0.419331 0.392194 0.0104876 0.0182283
46 0.575155 0.369435 0.0104424 0.0176393
81 0.248841 0.327089 0.0175395 0.0330941
