0 0.627563 0.216354 0.0315085 0.0545728
6 0.437867 0.0947246 0.0295729 0.0486533
81 0.628241 0.266302 0.0264791 0.0475683
6 0.262994 0.313717 0.0183537 0.0341382
6 0.0570704 0.358948 0.0173787 0.0363433
6 0.0858576 0.359326 0.0144023 0.0472694
6 0.425301 0.39551 0.0101845 0.0179186
0 0.627563 0.216354 0.0315085 0.0545728
6 0.437867 0.0947246 0.0295729 0.0486533
81 0.628241 0.266302 0.0264791 0.0475683
6 0.262994 0.313717 0.0183537 0.0341382
6 0.0570704 0.358948 0.0173787 0.0363433
6 0.0858576 0.359326 0.0144023 0.0472694
6 0.425301 0.39551 0.0101845 0.0179186
