6 0.168293 0.241908 0.0253099 0.0472734
6 0.768614 0.104167 0.0492367 0.0854183
21 0.211055 0.326977 0.0187545 0.0355487
6 0.413815 0.371057 0.0110411 0.0191488
81 0.812406 0.0512089 0.0507396 0.0839398
46 0.582723 0.348232 0.0108006 0.0192434
81 0.211654 0.289171 0.0187558 0.0392523
6 0.17065 0.302489 0.00981588 0.0269718
25 0.582376 0.388185 0.0102167 0.0173084
6 0.168293 0.241908 0.0253099 0.0472734
6 0.768614 0.104167 0.0492367 0.0854183
21 0.211055 0.326977 0.0187545 0.0355487
6 0.413815 0.371057 0.0110411 0.0191488
81 0.812406 0.0512089 0.0507396 0.0839398
46 0.582723 0.348232 0.0108006 0.0192434
81 0.211654 0.289171 0.0187558 0.0392523
6 0.17065 0.302489 0.00981588 0.0269718
25 0.582376 0.388185 0.0102167 0.0173084
