0 0.709493 0.0977841 0.0472089 0.0815683
6 0.21228 0.284503 0.0218972 0.0411414
81 0.712241 0.168111 0.0352656 0.0595625
6 0.420077 0.390211 0.0109657 0.0188595
6 0.69475 0.192614 0.0345126 0.0702248
21 0.250586 0.358097 0.0162677 0.0301312
81 0.250787 0.325307 0.016855 0.0329014
6 0.699142 0.187596 0.0437069 0.0786347
0 0.709493 0.0977841 0.0472089 0.0815683
6 0.21228 0.284503 0.0218972 0.0411414
81 0.712241 0.168111 0.0352656 0.0595625
6 0.420077 0.390211 0.0109657 0.0188595
6 0.69475 0.192614 0.0345126 0.0702248
21 0.250586 0.358097 0.0162677 0.0301312
81 0.250787 0.325307 0.016855 0.0329014
6 0.699142 0.187596 0.0437069 0.0786347
