6 0.168166 0.24199 0.0251482 0.0470932
6 0.768656 0.104251 0.0496445 0.0855984
21 0.211046 0.327113 0.0185821 0.0359285
46 0.582869 0.348074 0.0107962 0.0195919
81 0.812372 0.0512175 0.0506756 0.0839982
6 0.413847 0.371094 0.0109801 0.0188623
81 0.211544 0.289257 0.0191393 0.0393447
6 0.168166 0.24199 0.0251482 0.0470932
6 0.768656 0.104251 0.0496445 0.0855984
21 0.211046 0.327113 0.0185821 0.0359285
46 0.582869 0.348074 0.0107962 0.0195919
81 0.812372 0.0512175 0.0506756 0.0839982
6 0.413847 0.371094 0.0109801 0.0188623
81 0.211544 0.289257 0.0191393 0.0393447
