6 0.168157 0.243215 0.0250645 0.0469805
6 0.768554 0.105232 0.0494518 0.085242
21 0.211129 0.328412 0.018711 0.0366409
81 0.812226 0.0521272 0.0508322 0.084249
46 0.582916 0.348551 0.0104304 0.0187823
6 0.413714 0.372133 0.0109991 0.0182721
81 0.211494 0.290362 0.0193272 0.0392195
25 0.582381 0.389278 0.0103163 0.0189421
6 0.168157 0.243215 0.0250645 0.0469805
6 0.768554 0.105232 0.0494518 0.085242
21 0.211129 0.328412 0.018711 0.0366409
81 0.812226 0.0521272 0.0508322 0.084249
46 0.582916 0.348551 0.0104304 0.0187823
6 0.413714 0.372133 0.0109991 0.0182721
81 0.211494 0.290362 0.0193272 0.0392195
25 0.582381 0.389278 0.0103163 0.0189421
