0 0.663963 0.162902 0.0385327 0.0655537
6 0.431564 0.0306092 0.0340887 0.0551944
81 0.662939 0.225285 0.0334412 0.0615866
6 0.239233 0.301869 0.0196752 0.0370945
6 0.0119245 0.360613 0.0209609 0.0436072
21 0.274971 0.369085 0.0145329 0.0259505
6 0.42357 0.394177 0.0103642 0.0175027
6 0.0304381 0.357669 0.0121661 0.0501168
0 0.663963 0.162902 0.0385327 0.0655537
6 0.431564 0.0306092 0.0340887 0.0551944
81 0.662939 0.225285 0.0334412 0.0615866
6 0.239233 0.301869 0.0196752 0.0370945
6 0.0119245 0.360613 0.0209609 0.0436072
21 0.274971 0.369085 0.0145329 0.0259505
6 0.42357 0.394177 0.0103642 0.0175027
6 0.0304381 0.357669 0.0121661 0.0501168
