6 0.168293 0.241898 0.0252082 0.047153
6 0.768652 0.104282 0.0492592 0.0851763
21 0.210992 0.326991 0.0186852 0.0353998
6 0.413828 0.371119 0.0110165 0.0190557
81 0.812375 0.0511248 0.0507917 0.0840585
46 0.582723 0.348166 0.010796 0.0193733
81 0.211556 0.289203 0.0188012 0.0394268
6 0.170546 0.302214 0.00967665 0.0267175
25 0.582446 0.388172 0.010253 0.0173975
6 0.168293 0.241898 0.0252082 0.047153
6 0.768652 0.104282 0.0492592 0.0851763
21 0.210992 0.326991 0.0186852 0.0353998
6 0.413828 0.371119 0.0110165 0.0190557
81 0.812375 0.0511248 0.0507917 0.0840585
46 0.582723 0.348166 0.010796 0.0193733
81 0.211556 0.289203 0.0188012 0.0394268
6 0.170546 0.302214 0.00967665 0.0267175
25 0.582446 0.388172 0.010253 0.0173975
