81 0.796381 0.0632544 0.0495237 0.0831069
6 0.171065 0.254231 0.0250351 0.0470077
6 0.757179 0.113854 0.0494869 0.0849598
21 0.214304 0.337448 0.0182567 0.0353343
81 0.214036 0.299821 0.0193242 0.0392988
6 0.413397 0.376994 0.0106969 0.0186441
46 0.580317 0.352435 0.0108961 0.0208727
81 0.796381 0.0632544 0.0495237 0.0831069
6 0.171065 0.254231 0.0250351 0.0470077
6 0.757179 0.113854 0.0494869 0.0849598
21 0.214304 0.337448 0.0182567 0.0353343
81 0.214036 0.299821 0.0193242 0.0392988
6 0.413397 0.376994 0.0106969 0.0186441
46 0.580317 0.352435 0.0108961 0.0208727
