6 0.168203 0.241898 0.0251112 0.0468515
6 0.768577 0.104239 0.0493494 0.0851393
21 0.21101 0.327223 0.0185699 0.035974
81 0.812404 0.0511775 0.0507805 0.0841456
6 0.413902 0.37112 0.0109436 0.018829
46 0.582823 0.348121 0.0107759 0.0193018
81 0.211609 0.289301 0.0192874 0.0393091
6 0.168203 0.241898 0.0251112 0.0468515
6 0.768577 0.104239 0.0493494 0.0851393
21 0.21101 0.327223 0.0185699 0.035974
81 0.812404 0.0511775 0.0507805 0.0841456
6 0.413902 0.37112 0.0109436 0.018829
46 0.582823 0.348121 0.0107759 0.0193018
81 0.211609 0.289301 0.0192874 0.0393091
