6 0.168248 0.241911 0.0251937 0.0469163
6 0.768563 0.104184 0.0493137 0.0855401
21 0.211025 0.326994 0.0188505 0.035663
6 0.413759 0.371083 0.0108744 0.0194485
81 0.812337 0.0511893 0.0507496 0.0838926
46 0.582724 0.348201 0.0107876 0.0192597
81 0.211675 0.289122 0.0189005 0.0391948
25 0.58246 0.388258 0.0101634 0.0172445
6 0.168248 0.241911 0.0251937 0.0469163
6 0.768563 0.104184 0.0493137 0.0855401
21 0.211025 0.326994 0.0188505 0.035663
6 0.413759 0.371083 0.0108744 0.0194485
81 0.812337 0.0511893 0.0507496 0.0838926
46 0.582724 0.348201 0.0107876 0.0192597
81 0.211675 0.289122 0.0189005 0.0391948
25 0.58246 0.388258 0.0101634 0.0172445
