6 0.168325 0.241858 0.0252266 0.0472086
6 0.768601 0.104261 0.0492773 0.0852712
21 0.211009 0.326946 0.0187535 0.0355829
6 0.41382 0.371072 0.0109916 0.0190225
81 0.812356 0.05117 0.050704 0.083776
46 0.582731 0.348192 0.0108327 0.0191909
81 0.211653 0.289213 0.0189074 0.0393451
6 0.170519 0.302333 0.00968788 0.025875
6 0.168325 0.241858 0.0252266 0.0472086
6 0.768601 0.104261 0.0492773 0.0852712
21 0.211009 0.326946 0.0187535 0.0355829
6 0.41382 0.371072 0.0109916 0.0190225
81 0.812356 0.05117 0.050704 0.083776
46 0.582731 0.348192 0.0108327 0.0191909
81 0.211653 0.289213 0.0189074 0.0393451
6 0.170519 0.302333 0.00968788 0.025875
