31 0.868848 0.103314 0.0487106 0.0934394
34 0.876678 0.200663 0.0481642 0.0970738
28 0.201919 0.322059 0.0155524 0.0295831
0 0.566068 0.318984 0.0170061 0.0286106
6 0.457774 0.237561 0.0168539 0.0301199
6 0.232666 0.389519 0.01351 0.0292233
6 0.192871 0.384315 0.0121756 0.0251821
6 0.334615 0.358411 0.0115949 0.0211558
28 0.65017 0.168221 0.0254619 0.0465777
31 0.868848 0.103314 0.0487106 0.0934394
34 0.876678 0.200663 0.0481642 0.0970738
28 0.201919 0.322059 0.0155524 0.0295831
0 0.566068 0.318984 0.0170061 0.0286106
6 0.457774 0.237561 0.0168539 0.0301199
6 0.232666 0.389519 0.01351 0.0292233
6 0.192871 0.384315 0.0121756 0.0251821
6 0.334615 0.358411 0.0115949 0.0211558
28 0.65017 0.168221 0.0254619 0.0465777
