6 0.16816 0.241994 0.0251657 0.0470881
6 0.768654 0.104231 0.0496304 0.0856143
21 0.211038 0.327106 0.0186038 0.0359384
46 0.582863 0.348072 0.0107735 0.0195913
81 0.812379 0.0512346 0.0506891 0.084036
6 0.413862 0.371095 0.0109657 0.0188302
81 0.211546 0.289263 0.019172 0.0393609
6 0.16816 0.241994 0.0251657 0.0470881
6 0.768654 0.104231 0.0496304 0.0856143
21 0.211038 0.327106 0.0186038 0.0359384
46 0.582863 0.348072 0.0107735 0.0195913
81 0.812379 0.0512346 0.0506891 0.084036
6 0.413862 0.371095 0.0109657 0.0188302
81 0.211546 0.289263 0.019172 0.0393609
