0 0.642459 0.191998 0.0337088 0.0584146
6 0.435322 0.0665814 0.0308996 0.0512287
81 0.642587 0.246521 0.0294596 0.052983
21 0.286668 0.37078 0.0139984 0.0249334
6 0.252912 0.307759 0.0187065 0.0349187
6 0.0375032 0.359403 0.0185507 0.0404449
6 0.0620457 0.357872 0.0126619 0.0479828
6 0.425166 0.39381 0.0101574 0.0184947
0 0.642459 0.191998 0.0337088 0.0584146
6 0.435322 0.0665814 0.0308996 0.0512287
81 0.642587 0.246521 0.0294596 0.052983
21 0.286668 0.37078 0.0139984 0.0249334
6 0.252912 0.307759 0.0187065 0.0349187
6 0.0375032 0.359403 0.0185507 0.0404449
6 0.0620457 0.357872 0.0126619 0.0479828
6 0.425166 0.39381 0.0101574 0.0184947
