31 0.855486 0.112698 0.0481382 0.0888998
0 0.56506 0.320416 0.0166579 0.0285899
6 0.23361 0.390388 0.0136001 0.0284771
34 0.862576 0.206207 0.0461437 0.0915328
6 0.457892 0.239833 0.0165709 0.0297694
6 0.194689 0.385115 0.0116192 0.0244773
28 0.204532 0.324499 0.0153997 0.0290226
6 0.335026 0.359246 0.0112847 0.0208493
28 0.646987 0.173223 0.0252962 0.0444955
39 0.666783 0.393824 0.0149732 0.0281401
81 0.564716 0.346865 0.0134743 0.0237256
31 0.855486 0.112698 0.0481382 0.0888998
0 0.56506 0.320416 0.0166579 0.0285899
6 0.23361 0.390388 0.0136001 0.0284771
34 0.862576 0.206207 0.0461437 0.0915328
6 0.457892 0.239833 0.0165709 0.0297694
6 0.194689 0.385115 0.0116192 0.0244773
28 0.204532 0.324499 0.0153997 0.0290226
6 0.335026 0.359246 0.0112847 0.0208493
28 0.646987 0.173223 0.0252962 0.0444955
39 0.666783 0.393824 0.0149732 0.0281401
81 0.564716 0.346865 0.0134743 0.0237256
