6 0.168233 0.241903 0.025199 0.0468725
6 0.768569 0.104171 0.0492798 0.0853958
21 0.211056 0.327011 0.0188809 0.0356813
6 0.413768 0.371057 0.0108942 0.0194872
81 0.812328 0.0512008 0.0507187 0.0838795
46 0.582707 0.34823 0.0108027 0.0193025
81 0.211705 0.289191 0.0189675 0.0392531
25 0.582488 0.388191 0.0101486 0.0171921
6 0.170675 0.302061 0.00970616 0.0262994
6 0.168233 0.241903 0.025199 0.0468725
6 0.768569 0.104171 0.0492798 0.0853958
21 0.211056 0.327011 0.0188809 0.0356813
6 0.413768 0.371057 0.0108942 0.0194872
81 0.812328 0.0512008 0.0507187 0.0838795
46 0.582707 0.34823 0.0108027 0.0193025
81 0.211705 0.289191 0.0189675 0.0392531
25 0.582488 0.388191 0.0101486 0.0171921
6 0.170675 0.302061 0.00970616 0.0262994
