0 0.615039 0.233031 0.0289486 0.0499333
6 0.440503 0.117638 0.0264933 0.045444
81 0.616132 0.278502 0.025004 0.0433939
6 0.0772152 0.359202 0.0163388 0.0349211
6 0.272829 0.317783 0.0170847 0.0324275
6 0.109015 0.359719 0.0134745 0.0440231
39 0.786911 0.360367 0.0247181 0.0523028
6 0.42677 0.395557 0.00995378 0.0171232
0 0.615039 0.233031 0.0289486 0.0499333
6 0.440503 0.117638 0.0264933 0.045444
81 0.616132 0.278502 0.025004 0.0433939
6 0.0772152 0.359202 0.0163388 0.0349211
6 0.272829 0.317783 0.0170847 0.0324275
6 0.109015 0.359719 0.0134745 0.0440231
39 0.786911 0.360367 0.0247181 0.0523028
6 0.42677 0.395557 0.00995378 0.0171232
