6 0.168387 0.243135 0.0251693 0.0473989
6 0.768783 0.105573 0.0494337 0.0850536
21 0.211128 0.328532 0.0187079 0.0362227
81 0.81294 0.0521654 0.0504024 0.0836533
6 0.413731 0.372368 0.0108288 0.0183589
46 0.583079 0.349357 0.0104577 0.019252
25 0.582499 0.390119 0.0106208 0.0195468
6 0.168387 0.243135 0.0251693 0.0473989
6 0.768783 0.105573 0.0494337 0.0850536
21 0.211128 0.328532 0.0187079 0.0362227
81 0.81294 0.0521654 0.0504024 0.0836533
6 0.413731 0.372368 0.0108288 0.0183589
46 0.583079 0.349357 0.0104577 0.019252
25 0.582499 0.390119 0.0106208 0.0195468
