46 0.877364 0.386965 0.0151333 0.0346644
12 0.931246 0.239896 0.0223974 0.0508847
6 0.506684 0.328008 0.0132729 0.0230714
6 0.991089 0.425756 0.0123571 0.0247192
6 0.427166 0.420085 0.0125452 0.0218421
12 0.579555 0.375656 0.0116507 0.018567
6 0.981417 0.336001 0.0104664 0.0249843
127 0.929129 0.203004 0.0239216 0.0223316
127 0.579684 0.358954 0.0165939 0.0133976
46 0.877364 0.386965 0.0151333 0.0346644
12 0.931246 0.239896 0.0223974 0.0508847
6 0.506684 0.328008 0.0132729 0.0230714
6 0.991089 0.425756 0.0123571 0.0247192
6 0.427166 0.420085 0.0125452 0.0218421
12 0.579555 0.375656 0.0116507 0.018567
6 0.981417 0.336001 0.0104664 0.0249843
127 0.929129 0.203004 0.0239216 0.0223316
127 0.579684 0.358954 0.0165939 0.0133976
