46 0.907623 0.384171 0.0162785 0.0369941
6 0.41856 0.415574 0.0121862 0.0214811
6 0.502096 0.319034 0.0131678 0.0230042
12 0.419379 0.394393 0.0112321 0.019361
128 0.578031 0.351028 0.0163214 0.0130683
12 0.578636 0.368149 0.0101595 0.0188582
12 0.988164 0.217579 0.0222155 0.063528
46 0.907623 0.384171 0.0162785 0.0369941
6 0.41856 0.415574 0.0121862 0.0214811
6 0.502096 0.319034 0.0131678 0.0230042
12 0.419379 0.394393 0.0112321 0.019361
128 0.578031 0.351028 0.0163214 0.0130683
12 0.578636 0.368149 0.0101595 0.0188582
12 0.988164 0.217579 0.0222155 0.063528
