6 0.168324 0.241895 0.0252892 0.0472544
6 0.768607 0.104187 0.0492163 0.0853248
21 0.211054 0.327009 0.0187396 0.0354802
6 0.413823 0.371071 0.0110249 0.0191091
81 0.812375 0.0512569 0.0506797 0.0838532
46 0.582724 0.348202 0.010783 0.0192851
81 0.211755 0.289275 0.0189792 0.0393628
6 0.170633 0.302375 0.00990949 0.0269045
6 0.168324 0.241895 0.0252892 0.0472544
6 0.768607 0.104187 0.0492163 0.0853248
21 0.211054 0.327009 0.0187396 0.0354802
6 0.413823 0.371071 0.0110249 0.0191091
81 0.812375 0.0512569 0.0506797 0.0838532
46 0.582724 0.348202 0.010783 0.0192851
81 0.211755 0.289275 0.0189792 0.0393628
6 0.170633 0.302375 0.00990949 0.0269045
