81 0.79443 0.0679295 0.0492899 0.0820247
6 0.172151 0.255681 0.0244863 0.0463242
6 0.756246 0.118121 0.0494852 0.0830877
21 0.215189 0.338694 0.0185396 0.0356266
81 0.214998 0.301421 0.0191175 0.0393163
6 0.413408 0.378391 0.0107416 0.0187724
46 0.580139 0.353883 0.0112519 0.0210444
81 0.79443 0.0679295 0.0492899 0.0820247
6 0.172151 0.255681 0.0244863 0.0463242
6 0.756246 0.118121 0.0494852 0.0830877
21 0.215189 0.338694 0.0185396 0.0356266
81 0.214998 0.301421 0.0191175 0.0393163
6 0.413408 0.378391 0.0107416 0.0187724
46 0.580139 0.353883 0.0112519 0.0210444
