25 0.238192 0.269045 0.0275908 0.0503688
6 0.448566 0.229148 0.0195189 0.035211
6 0.331071 0.375923 0.0164551 0.0301971
25 0.742681 0.330384 0.013468 0.0372314
12 0.558346 0.300739 0.0159814 0.0263577
12 0.332584 0.348121 0.0141281 0.0227106
6 0.633814 0.367091 0.00928268 0.0166773
125 0.238148 0.308028 0.0287323 0.024736
25 0.238192 0.269045 0.0275908 0.0503688
6 0.448566 0.229148 0.0195189 0.035211
6 0.331071 0.375923 0.0164551 0.0301971
25 0.742681 0.330384 0.013468 0.0372314
12 0.558346 0.300739 0.0159814 0.0263577
12 0.332584 0.348121 0.0141281 0.0227106
6 0.633814 0.367091 0.00928268 0.0166773
125 0.238148 0.308028 0.0287323 0.024736
