0 0.593938 0.282319 0.023887 0.0417265
39 0.733517 0.383166 0.0205504 0.0394163
6 0.450645 0.182621 0.0221003 0.0380898
6 0.301928 0.345419 0.0148855 0.0276523
81 0.595636 0.319618 0.0216818 0.0343163
6 0.128291 0.379643 0.0144326 0.0308492
6 0.166011 0.382731 0.0135355 0.0365551
81 0.329248 0.375472 0.0108732 0.0218543
0 0.593938 0.282319 0.023887 0.0417265
39 0.733517 0.383166 0.0205504 0.0394163
6 0.450645 0.182621 0.0221003 0.0380898
6 0.301928 0.345419 0.0148855 0.0276523
81 0.595636 0.319618 0.0216818 0.0343163
6 0.128291 0.379643 0.0144326 0.0308492
6 0.166011 0.382731 0.0135355 0.0365551
81 0.329248 0.375472 0.0108732 0.0218543
