6 0.168168 0.241976 0.0251834 0.0471018
6 0.768657 0.104244 0.0496096 0.0855421
21 0.211053 0.32713 0.018616 0.0359539
81 0.812377 0.0512306 0.0506905 0.0840284
6 0.413866 0.371115 0.010992 0.0189046
46 0.582872 0.348045 0.010813 0.019637
81 0.211542 0.289239 0.0190926 0.0393007
6 0.168168 0.241976 0.0251834 0.0471018
6 0.768657 0.104244 0.0496096 0.0855421
21 0.211053 0.32713 0.018616 0.0359539
81 0.812377 0.0512306 0.0506905 0.0840284
6 0.413866 0.371115 0.010992 0.0189046
46 0.582872 0.348045 0.010813 0.019637
81 0.211542 0.289239 0.0190926 0.0393007
