31 0.679647 0.249448 0.0286352 0.0506532
34 0.680824 0.303623 0.0281073 0.0504497
0 0.541015 0.342991 0.0136461 0.0239266
28 0.589472 0.24885 0.0182463 0.0321384
6 0.226194 0.394852 0.0104562 0.0206765
6 0.265742 0.400352 0.0116573 0.0238939
39 0.62348 0.402178 0.0126184 0.0227569
31 0.679647 0.249448 0.0286352 0.0506532
34 0.680824 0.303623 0.0281073 0.0504497
0 0.541015 0.342991 0.0136461 0.0239266
28 0.589472 0.24885 0.0182463 0.0321384
6 0.226194 0.394852 0.0104562 0.0206765
6 0.265742 0.400352 0.0116573 0.0238939
39 0.62348 0.402178 0.0126184 0.0227569
