0 0.641684 0.193662 0.0342985 0.0581568
81 0.641826 0.247355 0.0293985 0.0525247
6 0.435443 0.0683692 0.030976 0.0511477
6 0.0386592 0.358558 0.0184161 0.0396832
6 0.253633 0.307455 0.0184544 0.035188
21 0.287395 0.370189 0.0136126 0.0246101
6 0.0639374 0.357326 0.013265 0.0481087
6 0.425198 0.39313 0.010211 0.0181954
0 0.641684 0.193662 0.0342985 0.0581568
81 0.641826 0.247355 0.0293985 0.0525247
6 0.435443 0.0683692 0.030976 0.0511477
6 0.0386592 0.358558 0.0184161 0.0396832
6 0.253633 0.307455 0.0184544 0.035188
21 0.287395 0.370189 0.0136126 0.0246101
6 0.0639374 0.357326 0.013265 0.0481087
6 0.425198 0.39313 0.010211 0.0181954
