6 0.168264 0.241932 0.0251927 0.0468985
6 0.768572 0.104181 0.0493292 0.0855097
21 0.211037 0.326991 0.0188422 0.035655
6 0.413782 0.371066 0.0108371 0.0193922
81 0.812332 0.0511915 0.0507358 0.0838834
46 0.582722 0.348205 0.0107885 0.0192551
81 0.211695 0.289158 0.0188844 0.039252
25 0.582414 0.388267 0.0101896 0.0172512
6 0.170702 0.301999 0.00966058 0.0258684
6 0.168264 0.241932 0.0251927 0.0468985
6 0.768572 0.104181 0.0493292 0.0855097
21 0.211037 0.326991 0.0188422 0.035655
6 0.413782 0.371066 0.0108371 0.0193922
81 0.812332 0.0511915 0.0507358 0.0838834
46 0.582722 0.348205 0.0107885 0.0192551
81 0.211695 0.289158 0.0188844 0.039252
25 0.582414 0.388267 0.0101896 0.0172512
6 0.170702 0.301999 0.00966058 0.0258684
