6 0.168263 0.241924 0.0251726 0.0468299
6 0.768571 0.104221 0.0492697 0.0853236
21 0.211062 0.327032 0.0188773 0.0357016
6 0.413766 0.371052 0.0109407 0.0194606
46 0.582736 0.348205 0.0108213 0.0193251
81 0.812311 0.0511906 0.0507027 0.0838748
81 0.211701 0.289203 0.0189369 0.0392835
6 0.168263 0.241924 0.0251726 0.0468299
6 0.768571 0.104221 0.0492697 0.0853236
21 0.211062 0.327032 0.0188773 0.0357016
6 0.413766 0.371052 0.0109407 0.0194606
46 0.582736 0.348205 0.0108213 0.0193251
81 0.812311 0.0511906 0.0507027 0.0838748
81 0.211701 0.289203 0.0189369 0.0392835
