6 0.168201 0.241991 0.0251923 0.0471855
6 0.768665 0.104328 0.0497967 0.0859208
21 0.211028 0.327119 0.0186816 0.0359944
6 0.413791 0.37113 0.0109787 0.0188716
81 0.812391 0.0511992 0.05085 0.0841265
46 0.582854 0.348209 0.0108204 0.0197595
81 0.211503 0.289306 0.0191541 0.0394108
6 0.168201 0.241991 0.0251923 0.0471855
6 0.768665 0.104328 0.0497967 0.0859208
21 0.211028 0.327119 0.0186816 0.0359944
6 0.413791 0.37113 0.0109787 0.0188716
81 0.812391 0.0511992 0.05085 0.0841265
46 0.582854 0.348209 0.0108204 0.0197595
81 0.211503 0.289306 0.0191541 0.0394108
