6 0.168289 0.241925 0.0252997 0.0472492
6 0.768594 0.104223 0.0492599 0.0853529
21 0.21105 0.326964 0.0187529 0.0355465
6 0.413791 0.371055 0.0110725 0.0191805
81 0.812392 0.0512237 0.0507269 0.0839005
46 0.582731 0.348232 0.0108171 0.0192749
81 0.211643 0.289163 0.0187513 0.0392319
6 0.170639 0.302448 0.00982995 0.0269468
6 0.168289 0.241925 0.0252997 0.0472492
6 0.768594 0.104223 0.0492599 0.0853529
21 0.21105 0.326964 0.0187529 0.0355465
6 0.413791 0.371055 0.0110725 0.0191805
81 0.812392 0.0512237 0.0507269 0.0839005
46 0.582731 0.348232 0.0108171 0.0192749
81 0.211643 0.289163 0.0187513 0.0392319
6 0.170639 0.302448 0.00982995 0.0269468
