0 0.582376 0.29369 0.0227235 0.0397712
81 0.584361 0.327892 0.0196787 0.0304192
6 0.453993 0.203463 0.0198743 0.0340472
6 0.155483 0.382103 0.0139443 0.0282233
6 0.316124 0.350152 0.0128542 0.0246169
28 0.144795 0.304119 0.0175814 0.0354077
6 0.194752 0.3864 0.0138215 0.0336373
42 0.718557 0.0642519 0.0358089 0.0606908
0 0.582376 0.29369 0.0227235 0.0397712
81 0.584361 0.327892 0.0196787 0.0304192
6 0.453993 0.203463 0.0198743 0.0340472
6 0.155483 0.382103 0.0139443 0.0282233
6 0.316124 0.350152 0.0128542 0.0246169
28 0.144795 0.304119 0.0175814 0.0354077
6 0.194752 0.3864 0.0138215 0.0336373
42 0.718557 0.0642519 0.0358089 0.0606908
