6 0.168218 0.241921 0.0251385 0.0468046
6 0.76859 0.104212 0.0493179 0.0850643
21 0.211004 0.327227 0.0185736 0.0359746
81 0.812397 0.0511838 0.0507753 0.0841552
6 0.413881 0.371119 0.0109186 0.0188151
46 0.582806 0.348162 0.0108008 0.0193909
81 0.211602 0.289302 0.0192952 0.0393339
6 0.168218 0.241921 0.0251385 0.0468046
6 0.76859 0.104212 0.0493179 0.0850643
21 0.211004 0.327227 0.0185736 0.0359746
81 0.812397 0.0511838 0.0507753 0.0841552
6 0.413881 0.371119 0.0109186 0.0188151
46 0.582806 0.348162 0.0108008 0.0193909
81 0.211602 0.289302 0.0192952 0.0393339
