0 0.57857 0.304568 0.0215187 0.037021
39 0.697398 0.391504 0.0180468 0.0352881
6 0.455661 0.216105 0.0189036 0.0330556
28 0.159596 0.310584 0.016928 0.0341704
6 0.165413 0.384556 0.0134519 0.0267463
6 0.320898 0.355036 0.0127687 0.0243461
6 0.204452 0.389362 0.0133536 0.0321443
21 0.345883 0.401837 0.0109358 0.0184343
0 0.57857 0.304568 0.0215187 0.037021
39 0.697398 0.391504 0.0180468 0.0352881
6 0.455661 0.216105 0.0189036 0.0330556
28 0.159596 0.310584 0.016928 0.0341704
6 0.165413 0.384556 0.0134519 0.0267463
6 0.320898 0.355036 0.0127687 0.0243461
6 0.204452 0.389362 0.0133536 0.0321443
21 0.345883 0.401837 0.0109358 0.0184343
