6 0.168256 0.241918 0.0251576 0.0468442
6 0.76857 0.104149 0.0492846 0.0854425
21 0.211041 0.327012 0.0188622 0.0356748
6 0.413765 0.371052 0.0109123 0.019497
81 0.812322 0.0511939 0.0507179 0.0838879
46 0.582706 0.348226 0.0108093 0.0193018
81 0.211713 0.289206 0.0189377 0.0392651
25 0.582463 0.388196 0.0101926 0.0172512
6 0.170626 0.302136 0.0097697 0.0265581
6 0.168256 0.241918 0.0251576 0.0468442
6 0.76857 0.104149 0.0492846 0.0854425
21 0.211041 0.327012 0.0188622 0.0356748
6 0.413765 0.371052 0.0109123 0.019497
81 0.812322 0.0511939 0.0507179 0.0838879
46 0.582706 0.348226 0.0108093 0.0193018
81 0.211713 0.289206 0.0189377 0.0392651
25 0.582463 0.388196 0.0101926 0.0172512
6 0.170626 0.302136 0.0097697 0.0265581
