0 0.608341 0.247943 0.0265024 0.0458976
6 0.443831 0.136487 0.0249357 0.0424738
21 0.310977 0.381537 0.0127034 0.0210354
6 0.0917954 0.363674 0.016215 0.0327705
6 0.281933 0.324751 0.0163133 0.0305564
6 0.125967 0.364872 0.0136133 0.0409444
81 0.609643 0.290038 0.0241882 0.039554
39 0.770068 0.368678 0.0229548 0.0482935
0 0.608341 0.247943 0.0265024 0.0458976
6 0.443831 0.136487 0.0249357 0.0424738
21 0.310977 0.381537 0.0127034 0.0210354
6 0.0917954 0.363674 0.016215 0.0327705
6 0.281933 0.324751 0.0163133 0.0305564
6 0.125967 0.364872 0.0136133 0.0409444
81 0.609643 0.290038 0.0241882 0.039554
39 0.770068 0.368678 0.0229548 0.0482935
