81 0.770502 0.100118 0.0460999 0.0755285
6 0.739604 0.141929 0.0468045 0.0798189
6 0.182878 0.266136 0.0241014 0.0454055
21 0.224471 0.347883 0.0176278 0.0345672
0 0.766671 0.0314449 0.0595205 0.0628898
6 0.415232 0.38527 0.0103742 0.017563
81 0.224654 0.311665 0.0183158 0.0383208
81 0.770502 0.100118 0.0460999 0.0755285
6 0.739604 0.141929 0.0468045 0.0798189
6 0.182878 0.266136 0.0241014 0.0454055
21 0.224471 0.347883 0.0176278 0.0345672
0 0.766671 0.0314449 0.0595205 0.0628898
6 0.415232 0.38527 0.0103742 0.017563
81 0.224654 0.311665 0.0183158 0.0383208
