25 0.321536 0.319808 0.0209235 0.0386495
6 0.373923 0.391408 0.0144076 0.0256526
6 0.476056 0.268802 0.0171312 0.0294584
12 0.568107 0.331221 0.0128803 0.0230457
12 0.37425 0.366848 0.0116346 0.0204545
128 0.569226 0.310951 0.018976 0.013972
114 0.321904 0.349839 0.0206683 0.0188158
25 0.321536 0.319808 0.0209235 0.0386495
6 0.373923 0.391408 0.0144076 0.0256526
6 0.476056 0.268802 0.0171312 0.0294584
12 0.568107 0.331221 0.0128803 0.0230457
12 0.37425 0.366848 0.0116346 0.0204545
128 0.569226 0.310951 0.018976 0.013972
114 0.321904 0.349839 0.0206683 0.0188158
