6 0.168278 0.241897 0.0252254 0.0472449
6 0.768683 0.104263 0.0493847 0.085362
21 0.210971 0.326983 0.0186515 0.0353772
6 0.413823 0.371117 0.0110233 0.0192276
81 0.812376 0.0512035 0.0507418 0.0841596
46 0.582666 0.34813 0.0108316 0.0194801
81 0.211583 0.289148 0.0186919 0.0391677
6 0.170395 0.30254 0.00973797 0.0269232
6 0.168278 0.241897 0.0252254 0.0472449
6 0.768683 0.104263 0.0493847 0.085362
21 0.210971 0.326983 0.0186515 0.0353772
6 0.413823 0.371117 0.0110233 0.0192276
81 0.812376 0.0512035 0.0507418 0.0841596
46 0.582666 0.34813 0.0108316 0.0194801
81 0.211583 0.289148 0.0186919 0.0391677
6 0.170395 0.30254 0.00973797 0.0269232
