6 0.168261 0.241944 0.0251814 0.0468823
6 0.768571 0.104166 0.0493252 0.0854718
21 0.211036 0.326989 0.0188508 0.0356734
6 0.41378 0.37107 0.010853 0.0194156
81 0.812331 0.051189 0.0507355 0.0838859
46 0.582725 0.3482 0.0107857 0.0192363
81 0.211694 0.289163 0.0188848 0.0392749
25 0.58242 0.388262 0.0101768 0.0172331
6 0.168261 0.241944 0.0251814 0.0468823
6 0.768571 0.104166 0.0493252 0.0854718
21 0.211036 0.326989 0.0188508 0.0356734
6 0.41378 0.37107 0.010853 0.0194156
81 0.812331 0.051189 0.0507355 0.0838859
46 0.582725 0.3482 0.0107857 0.0192363
81 0.211694 0.289163 0.0188848 0.0392749
25 0.58242 0.388262 0.0101768 0.0172331
