31 0.669206 0.258538 0.0277538 0.0489221
39 0.618781 0.403592 0.0130396 0.0238929
6 0.266708 0.401618 0.0114318 0.0257407
0 0.537593 0.346936 0.0125666 0.0228106
6 0.228392 0.396649 0.0103106 0.0196446
24 0.253186 0.35141 0.012651 0.0234343
6 0.451492 0.278351 0.0132595 0.0232413
31 0.669206 0.258538 0.0277538 0.0489221
39 0.618781 0.403592 0.0130396 0.0238929
6 0.266708 0.401618 0.0114318 0.0257407
0 0.537593 0.346936 0.0125666 0.0228106
6 0.228392 0.396649 0.0103106 0.0196446
24 0.253186 0.35141 0.012651 0.0234343
6 0.451492 0.278351 0.0132595 0.0232413
