6 0.168181 0.243089 0.025042 0.0470718
6 0.768649 0.104903 0.0495287 0.0854441
46 0.582882 0.348227 0.0107425 0.0192685
21 0.21107 0.328045 0.0185527 0.0364926
81 0.812371 0.0518425 0.0509022 0.0842134
6 0.413764 0.371917 0.0109484 0.0183809
81 0.211507 0.290023 0.0193139 0.0394613
6 0.168181 0.243089 0.025042 0.0470718
6 0.768649 0.104903 0.0495287 0.0854441
46 0.582882 0.348227 0.0107425 0.0192685
21 0.21107 0.328045 0.0185527 0.0364926
81 0.812371 0.0518425 0.0509022 0.0842134
6 0.413764 0.371917 0.0109484 0.0183809
81 0.211507 0.290023 0.0193139 0.0394613
