6 0.466138 0.0935218 0.0370493 0.0596496
6 0.281685 0.374614 0.0253699 0.0477393
12 0.661659 0.231808 0.0266712 0.0470776
12 0.283259 0.329547 0.0222829 0.0359149
6 0.700239 0.388506 0.0108674 0.0196146
128 0.659947 0.187852 0.0348526 0.0281858
127 0.659933 0.187708 0.0349922 0.0292672
6 0.466138 0.0935218 0.0370493 0.0596496
6 0.281685 0.374614 0.0253699 0.0477393
12 0.661659 0.231808 0.0266712 0.0470776
12 0.283259 0.329547 0.0222829 0.0359149
6 0.700239 0.388506 0.0108674 0.0196146
128 0.659947 0.187852 0.0348526 0.0281858
127 0.659933 0.187708 0.0349922 0.0292672
