25 0.172002 0.200345 0.0337495 0.0638443
6 0.451266 0.181234 0.0225187 0.0400725
6 0.319927 0.354561 0.0192135 0.0339743
25 0.828933 0.28619 0.0168478 0.0431973
12 0.578523 0.267184 0.0193428 0.0337463
12 0.320968 0.323672 0.0155123 0.0250053
6 0.649797 0.350035 0.0102118 0.0184675
25 0.829011 0.292972 0.0163685 0.0358837
25 0.172002 0.200345 0.0337495 0.0638443
6 0.451266 0.181234 0.0225187 0.0400725
6 0.319927 0.354561 0.0192135 0.0339743
25 0.828933 0.28619 0.0168478 0.0431973
12 0.578523 0.267184 0.0193428 0.0337463
12 0.320968 0.323672 0.0155123 0.0250053
6 0.649797 0.350035 0.0102118 0.0184675
25 0.829011 0.292972 0.0163685 0.0358837
