25 0.259577 0.276577 0.0265779 0.0480715
6 0.453317 0.232916 0.0196195 0.0345958
6 0.339035 0.373753 0.0166643 0.0293186
25 0.727998 0.342694 0.0117123 0.0282228
12 0.558532 0.304808 0.0155123 0.0242475
12 0.340532 0.346625 0.0136257 0.0229262
6 0.634414 0.366725 0.00904102 0.0159609
25 0.259577 0.276577 0.0265779 0.0480715
6 0.453317 0.232916 0.0196195 0.0345958
6 0.339035 0.373753 0.0166643 0.0293186
25 0.727998 0.342694 0.0117123 0.0282228
12 0.558532 0.304808 0.0155123 0.0242475
12 0.340532 0.346625 0.0136257 0.0229262
6 0.634414 0.366725 0.00904102 0.0159609
