6 0.1682 0.242019 0.0251833 0.0472201
6 0.768686 0.10429 0.0497227 0.0857275
21 0.211037 0.327127 0.0185801 0.0359715
81 0.812403 0.0512906 0.0508511 0.0839397
6 0.413703 0.371102 0.0108205 0.0189369
46 0.582833 0.348144 0.0107876 0.0195752
81 0.211529 0.289272 0.0190947 0.0393118
6 0.1682 0.242019 0.0251833 0.0472201
6 0.768686 0.10429 0.0497227 0.0857275
21 0.211037 0.327127 0.0185801 0.0359715
81 0.812403 0.0512906 0.0508511 0.0839397
6 0.413703 0.371102 0.0108205 0.0189369
46 0.582833 0.348144 0.0107876 0.0195752
81 0.211529 0.289272 0.0190947 0.0393118
