6 0.168309 0.241855 0.025214 0.0471355
6 0.768615 0.10424 0.0491926 0.0851418
21 0.211013 0.327021 0.0187299 0.0355517
6 0.413842 0.371088 0.0110079 0.0190679
81 0.812366 0.05122 0.0507534 0.0839062
46 0.582686 0.348168 0.0107597 0.0192328
81 0.211677 0.289199 0.0188811 0.0393156
6 0.170513 0.302233 0.00993524 0.026453
6 0.168309 0.241855 0.025214 0.0471355
6 0.768615 0.10424 0.0491926 0.0851418
21 0.211013 0.327021 0.0187299 0.0355517
6 0.413842 0.371088 0.0110079 0.0190679
81 0.812366 0.05122 0.0507534 0.0839062
46 0.582686 0.348168 0.0107597 0.0192328
81 0.211677 0.289199 0.0188811 0.0393156
6 0.170513 0.302233 0.00993524 0.026453
