0 0.623591 0.221016 0.0311501 0.0540904
6 0.438093 0.101319 0.0280828 0.0475184
81 0.623928 0.268861 0.0258047 0.0439825
6 0.265247 0.314275 0.0177714 0.0328645
6 0.0622453 0.358623 0.0172045 0.0361805
39 0.805553 0.358384 0.0265038 0.057032
6 0.0917404 0.358391 0.0142223 0.0467701
6 0.425241 0.39559 0.010196 0.0180249
21 0.297109 0.37504 0.0128152 0.0236283
0 0.623591 0.221016 0.0311501 0.0540904
6 0.438093 0.101319 0.0280828 0.0475184
81 0.623928 0.268861 0.0258047 0.0439825
6 0.265247 0.314275 0.0177714 0.0328645
6 0.0622453 0.358623 0.0172045 0.0361805
39 0.805553 0.358384 0.0265038 0.057032
6 0.0917404 0.358391 0.0142223 0.0467701
6 0.425241 0.39559 0.010196 0.0180249
21 0.297109 0.37504 0.0128152 0.0236283
