25 0.219543 0.250407 0.030168 0.0559701
6 0.448085 0.215952 0.020652 0.035943
6 0.326518 0.370902 0.0168177 0.0308634
12 0.327362 0.342045 0.0146683 0.0246281
12 0.563394 0.292172 0.0165109 0.0275726
25 0.76598 0.32003 0.0142086 0.0370694
6 0.637672 0.362688 0.00996323 0.0176783
25 0.219543 0.250407 0.030168 0.0559701
6 0.448085 0.215952 0.020652 0.035943
6 0.326518 0.370902 0.0168177 0.0308634
12 0.327362 0.342045 0.0146683 0.0246281
12 0.563394 0.292172 0.0165109 0.0275726
25 0.76598 0.32003 0.0142086 0.0370694
6 0.637672 0.362688 0.00996323 0.0176783
