6 0.168193 0.242013 0.0251667 0.0471748
6 0.768661 0.104292 0.0496947 0.0856581
21 0.211087 0.327129 0.01857 0.0360296
81 0.812329 0.0512111 0.0507446 0.0839892
6 0.413739 0.371095 0.0108253 0.018949
46 0.582849 0.348119 0.010812 0.0195769
81 0.211561 0.289288 0.0191651 0.0393559
6 0.168193 0.242013 0.0251667 0.0471748
6 0.768661 0.104292 0.0496947 0.0856581
21 0.211087 0.327129 0.01857 0.0360296
81 0.812329 0.0512111 0.0507446 0.0839892
6 0.413739 0.371095 0.0108253 0.018949
46 0.582849 0.348119 0.010812 0.0195769
81 0.211561 0.289288 0.0191651 0.0393559
