6 0.168266 0.241932 0.0251902 0.0468852
6 0.768573 0.104179 0.0493288 0.0855086
21 0.211032 0.326991 0.0188412 0.0356535
6 0.413793 0.371075 0.0108507 0.0194252
81 0.812338 0.051189 0.0507479 0.0838788
46 0.582723 0.348206 0.0107895 0.0192546
81 0.211688 0.289155 0.0188841 0.0392463
25 0.582417 0.388265 0.0101889 0.0172451
6 0.168266 0.241932 0.0251902 0.0468852
6 0.768573 0.104179 0.0493288 0.0855086
21 0.211032 0.326991 0.0188412 0.0356535
6 0.413793 0.371075 0.0108507 0.0194252
81 0.812338 0.051189 0.0507479 0.0838788
46 0.582723 0.348206 0.0107895 0.0192546
81 0.211688 0.289155 0.0188841 0.0392463
25 0.582417 0.388265 0.0101889 0.0172451
