25 0.245428 0.273755 0.0279264 0.0483682
6 0.449705 0.231129 0.0197199 0.0348585
6 0.333582 0.376487 0.0169185 0.030308
12 0.334206 0.349206 0.0140545 0.022657
12 0.558018 0.303261 0.0157501 0.0250235
6 0.633692 0.366986 0.00955143 0.0168248
25 0.735965 0.334351 0.0131109 0.0330056
25 0.245428 0.273755 0.0279264 0.0483682
6 0.449705 0.231129 0.0197199 0.0348585
6 0.333582 0.376487 0.0169185 0.030308
12 0.334206 0.349206 0.0140545 0.022657
12 0.558018 0.303261 0.0157501 0.0250235
6 0.633692 0.366986 0.00955143 0.0168248
25 0.735965 0.334351 0.0131109 0.0330056
