81 0.795363 0.0656857 0.049649 0.0829442
6 0.171647 0.25511 0.0245592 0.0463601
21 0.214627 0.338219 0.0182655 0.0357051
6 0.756736 0.115721 0.0491713 0.0837981
81 0.214294 0.30082 0.0188786 0.03938
6 0.413284 0.377972 0.0105867 0.0184826
46 0.580187 0.353442 0.0112354 0.0212307
81 0.795363 0.0656857 0.049649 0.0829442
6 0.171647 0.25511 0.0245592 0.0463601
21 0.214627 0.338219 0.0182655 0.0357051
6 0.756736 0.115721 0.0491713 0.0837981
81 0.214294 0.30082 0.0188786 0.03938
6 0.413284 0.377972 0.0105867 0.0184826
46 0.580187 0.353442 0.0112354 0.0212307
