6 0.168289 0.24185 0.0252235 0.0472771
6 0.768604 0.104264 0.0494732 0.0852958
21 0.21099 0.326993 0.0186704 0.0353446
6 0.413855 0.37114 0.0110011 0.0190772
81 0.812403 0.0512374 0.050783 0.0841021
46 0.582732 0.348045 0.0108524 0.0194248
81 0.211563 0.28917 0.0188328 0.0392791
6 0.170499 0.30296 0.00952578 0.02661
25 0.582504 0.38823 0.0103081 0.0174361
6 0.168289 0.24185 0.0252235 0.0472771
6 0.768604 0.104264 0.0494732 0.0852958
21 0.21099 0.326993 0.0186704 0.0353446
6 0.413855 0.37114 0.0110011 0.0190772
81 0.812403 0.0512374 0.050783 0.0841021
46 0.582732 0.348045 0.0108524 0.0194248
81 0.211563 0.28917 0.0188328 0.0392791
6 0.170499 0.30296 0.00952578 0.02661
25 0.582504 0.38823 0.0103081 0.0174361
