6 0.168209 0.24199 0.0251851 0.0471567
6 0.768667 0.104257 0.0496675 0.0855791
21 0.211065 0.327099 0.0185814 0.0359632
81 0.812323 0.0512212 0.0507382 0.0840072
6 0.41375 0.371149 0.0108599 0.0190075
46 0.582849 0.348088 0.0108079 0.0195512
81 0.211565 0.289259 0.0191468 0.0393664
6 0.168209 0.24199 0.0251851 0.0471567
6 0.768667 0.104257 0.0496675 0.0855791
21 0.211065 0.327099 0.0185814 0.0359632
81 0.812323 0.0512212 0.0507382 0.0840072
6 0.41375 0.371149 0.0108599 0.0190075
46 0.582849 0.348088 0.0108079 0.0195512
81 0.211565 0.289259 0.0191468 0.0393664
