6 0.168275 0.241892 0.0252326 0.0472438
6 0.768686 0.104265 0.0493872 0.085348
21 0.210972 0.326984 0.0186615 0.0353823
6 0.413796 0.3711 0.0110084 0.0191968
81 0.812373 0.0511821 0.0507225 0.0841958
46 0.582667 0.348116 0.0108252 0.0194721
81 0.211589 0.289151 0.0186974 0.0391642
6 0.170423 0.302612 0.00975575 0.0271612
6 0.168275 0.241892 0.0252326 0.0472438
6 0.768686 0.104265 0.0493872 0.085348
21 0.210972 0.326984 0.0186615 0.0353823
6 0.413796 0.3711 0.0110084 0.0191968
81 0.812373 0.0511821 0.0507225 0.0841958
46 0.582667 0.348116 0.0108252 0.0194721
81 0.211589 0.289151 0.0186974 0.0391642
6 0.170423 0.302612 0.00975575 0.0271612
