25 0.0414025 0.131036 0.0435762 0.090024
25 0.986151 0.266001 0.0272499 0.0627212
6 0.456331 0.161098 0.0268143 0.0463282
12 0.608152 0.264058 0.0232061 0.0389728
6 0.305655 0.374642 0.0207858 0.0403814
12 0.307348 0.336976 0.0171366 0.0302557
6 0.671278 0.373657 0.0102736 0.0183724
25 0.0414025 0.131036 0.0435762 0.090024
25 0.986151 0.266001 0.0272499 0.0627212
6 0.456331 0.161098 0.0268143 0.0463282
12 0.608152 0.264058 0.0232061 0.0389728
6 0.305655 0.374642 0.0207858 0.0403814
12 0.307348 0.336976 0.0171366 0.0302557
6 0.671278 0.373657 0.0102736 0.0183724
