12 0.564033 0.318442 0.0144098 0.0230805
25 0.296747 0.300138 0.0238699 0.041725
6 0.465815 0.25191 0.0193487 0.0341674
6 0.359033 0.382223 0.0157531 0.0269268
125 0.296375 0.332991 0.0251436 0.0212461
25 0.709656 0.355094 0.0116337 0.0339828
128 0.564775 0.297323 0.0188072 0.0158185
12 0.359659 0.356207 0.0129534 0.0228368
12 0.564033 0.318442 0.0144098 0.0230805
25 0.296747 0.300138 0.0238699 0.041725
6 0.465815 0.25191 0.0193487 0.0341674
6 0.359033 0.382223 0.0157531 0.0269268
125 0.296375 0.332991 0.0251436 0.0212461
25 0.709656 0.355094 0.0116337 0.0339828
128 0.564775 0.297323 0.0188072 0.0158185
12 0.359659 0.356207 0.0129534 0.0228368
