81 0.761736 0.110106 0.0441216 0.0728775
0 0.758969 0.0371431 0.0571291 0.0742863
6 0.186416 0.267188 0.0239906 0.04473
6 0.733528 0.149795 0.0449114 0.0785121
21 0.227808 0.347663 0.0180935 0.0341514
6 0.415027 0.385831 0.0104434 0.0177543
81 0.227576 0.311961 0.0182624 0.0370868
81 0.761736 0.110106 0.0441216 0.0728775
0 0.758969 0.0371431 0.0571291 0.0742863
6 0.186416 0.267188 0.0239906 0.04473
6 0.733528 0.149795 0.0449114 0.0785121
21 0.227808 0.347663 0.0180935 0.0341514
6 0.415027 0.385831 0.0104434 0.0177543
81 0.227576 0.311961 0.0182624 0.0370868
