0 0.674678 0.148357 0.0404598 0.0700224
6 0.232257 0.299058 0.0200632 0.0381595
81 0.674818 0.211297 0.0342699 0.0560384
21 0.268486 0.368066 0.0146947 0.027115
6 0.428816 0.0205811 0.0344378 0.0411622
6 0.00474713 0.355865 0.00938815 0.0523773
81 0.268457 0.338424 0.0160271 0.0304452
6 0.0133073 0.353994 0.016421 0.0577409
6 0.42287 0.394956 0.00998325 0.0167778
6 0.00725357 0.355124 0.0144358 0.0565373
0 0.674678 0.148357 0.0404598 0.0700224
6 0.232257 0.299058 0.0200632 0.0381595
81 0.674818 0.211297 0.0342699 0.0560384
21 0.268486 0.368066 0.0146947 0.027115
6 0.428816 0.0205811 0.0344378 0.0411622
6 0.00474713 0.355865 0.00938815 0.0523773
81 0.268457 0.338424 0.0160271 0.0304452
6 0.0133073 0.353994 0.016421 0.0577409
6 0.42287 0.394956 0.00998325 0.0167778
6 0.00725357 0.355124 0.0144358 0.0565373
