0 0.589035 0.289127 0.0220616 0.0380267
81 0.590985 0.323442 0.0219608 0.0313137
6 0.452993 0.192063 0.0210112 0.0369677
39 0.720947 0.384495 0.0209309 0.0414402
6 0.140944 0.379056 0.014529 0.0298085
6 0.308752 0.346545 0.0137868 0.0263942
6 0.179906 0.384068 0.0127836 0.034907
81 0.335503 0.376123 0.0102669 0.0205713
28 0.121554 0.294247 0.0177118 0.0373786
0 0.589035 0.289127 0.0220616 0.0380267
81 0.590985 0.323442 0.0219608 0.0313137
6 0.452993 0.192063 0.0210112 0.0369677
39 0.720947 0.384495 0.0209309 0.0414402
6 0.140944 0.379056 0.014529 0.0298085
6 0.308752 0.346545 0.0137868 0.0263942
6 0.179906 0.384068 0.0127836 0.034907
81 0.335503 0.376123 0.0102669 0.0205713
28 0.121554 0.294247 0.0177118 0.0373786
