6 0.168295 0.241841 0.0252371 0.0472645
6 0.768595 0.10426 0.0495054 0.0853379
21 0.211008 0.327 0.0186607 0.035385
6 0.413837 0.371148 0.0110083 0.019051
81 0.812421 0.0512719 0.050766 0.0841344
46 0.582704 0.348082 0.0108337 0.0194298
81 0.211637 0.289192 0.0189775 0.039426
6 0.170354 0.302959 0.00960615 0.0261437
6 0.168295 0.241841 0.0252371 0.0472645
6 0.768595 0.10426 0.0495054 0.0853379
21 0.211008 0.327 0.0186607 0.035385
6 0.413837 0.371148 0.0110083 0.019051
81 0.812421 0.0512719 0.050766 0.0841344
46 0.582704 0.348082 0.0108337 0.0194298
81 0.211637 0.289192 0.0189775 0.039426
6 0.170354 0.302959 0.00960615 0.0261437
