0 0.667513 0.159971 0.0387956 0.0680721
81 0.666812 0.22166 0.0330366 0.0574805
6 0.237343 0.30255 0.0201495 0.0376628
6 0.431453 0.0273092 0.0340248 0.0544092
6 0.0087457 0.361773 0.017453 0.0438115
21 0.273017 0.370585 0.0147361 0.0269786
6 0.423613 0.396136 0.00963879 0.0166946
6 0.0248252 0.358745 0.0131284 0.0525693
0 0.667513 0.159971 0.0387956 0.0680721
81 0.666812 0.22166 0.0330366 0.0574805
6 0.237343 0.30255 0.0201495 0.0376628
6 0.431453 0.0273092 0.0340248 0.0544092
6 0.0087457 0.361773 0.017453 0.0438115
21 0.273017 0.370585 0.0147361 0.0269786
6 0.423613 0.396136 0.00963879 0.0166946
6 0.0248252 0.358745 0.0131284 0.0525693
