6 0.16826 0.241943 0.025179 0.0468674
6 0.768568 0.104157 0.0493216 0.0854728
21 0.211036 0.326989 0.018845 0.0356686
6 0.413778 0.37107 0.0108643 0.0194233
81 0.812343 0.0511898 0.0507629 0.0838869
46 0.582725 0.348205 0.0107915 0.0192611
81 0.211698 0.289158 0.0188906 0.0392644
25 0.582422 0.388264 0.0101962 0.017257
6 0.16826 0.241943 0.025179 0.0468674
6 0.768568 0.104157 0.0493216 0.0854728
21 0.211036 0.326989 0.018845 0.0356686
6 0.413778 0.37107 0.0108643 0.0194233
81 0.812343 0.0511898 0.0507629 0.0838869
46 0.582725 0.348205 0.0107915 0.0192611
81 0.211698 0.289158 0.0188906 0.0392644
25 0.582422 0.388264 0.0101962 0.017257
