6 0.16823 0.241842 0.0251488 0.0469571
6 0.768633 0.10426 0.0495403 0.0853288
21 0.210982 0.326971 0.0186439 0.0353223
6 0.413831 0.371124 0.01099 0.0190456
81 0.812394 0.0512436 0.0507406 0.0841072
46 0.582731 0.348053 0.0108395 0.01939
81 0.211567 0.289145 0.0188439 0.039202
6 0.170514 0.303 0.0095566 0.0267468
6 0.16823 0.241842 0.0251488 0.0469571
6 0.768633 0.10426 0.0495403 0.0853288
21 0.210982 0.326971 0.0186439 0.0353223
6 0.413831 0.371124 0.01099 0.0190456
81 0.812394 0.0512436 0.0507406 0.0841072
46 0.582731 0.348053 0.0108395 0.01939
81 0.211567 0.289145 0.0188439 0.039202
6 0.170514 0.303 0.0095566 0.0267468
