0 0.597672 0.268502 0.0249853 0.0416793
6 0.448532 0.164673 0.0232046 0.039805
6 0.295815 0.334409 0.0150641 0.0280473
6 0.117373 0.369376 0.0146574 0.0314381
6 0.154119 0.372945 0.0133061 0.0377158
39 0.743384 0.375529 0.0222626 0.0444334
81 0.599707 0.306829 0.0232452 0.0350962
81 0.323524 0.364535 0.0116761 0.0225772
0 0.597672 0.268502 0.0249853 0.0416793
6 0.448532 0.164673 0.0232046 0.039805
6 0.295815 0.334409 0.0150641 0.0280473
6 0.117373 0.369376 0.0146574 0.0314381
6 0.154119 0.372945 0.0133061 0.0377158
39 0.743384 0.375529 0.0222626 0.0444334
81 0.599707 0.306829 0.0232452 0.0350962
81 0.323524 0.364535 0.0116761 0.0225772
