0 0.574225 0.30959 0.0186354 0.0324303
6 0.457445 0.223179 0.0180996 0.032527
6 0.32663 0.354489 0.0124547 0.0233393
6 0.216332 0.387295 0.0136901 0.0316591
6 0.176451 0.381805 0.0136255 0.026749
28 0.679904 0.126661 0.0302289 0.0514088
81 0.577016 0.338691 0.0191771 0.0271956
0 0.574225 0.30959 0.0186354 0.0324303
6 0.457445 0.223179 0.0180996 0.032527
6 0.32663 0.354489 0.0124547 0.0233393
6 0.216332 0.387295 0.0136901 0.0316591
6 0.176451 0.381805 0.0136255 0.026749
28 0.679904 0.126661 0.0302289 0.0514088
81 0.577016 0.338691 0.0191771 0.0271956
