0 0.725303 0.0757562 0.0500404 0.0836812
81 0.728099 0.150676 0.039237 0.0669012
6 0.20263 0.280395 0.0221451 0.041858
6 0.707532 0.179649 0.038382 0.0699453
21 0.242251 0.357111 0.0177792 0.0322767
6 0.418359 0.390134 0.0105506 0.0188095
81 0.242483 0.32275 0.0178389 0.035017
0 0.725303 0.0757562 0.0500404 0.0836812
81 0.728099 0.150676 0.039237 0.0669012
6 0.20263 0.280395 0.0221451 0.041858
6 0.707532 0.179649 0.038382 0.0699453
21 0.242251 0.357111 0.0177792 0.0322767
6 0.418359 0.390134 0.0105506 0.0188095
81 0.242483 0.32275 0.0178389 0.035017
