81 0.775111 0.0912765 0.04646 0.0767803
6 0.179888 0.264393 0.0245654 0.0454781
6 0.742837 0.136213 0.0481363 0.0825708
21 0.222029 0.346118 0.0184556 0.0357023
6 0.414473 0.383462 0.0107795 0.0180952
0 0.773254 0.0270523 0.0580801 0.0541047
81 0.222046 0.308663 0.0187855 0.0371926
81 0.775111 0.0912765 0.04646 0.0767803
6 0.179888 0.264393 0.0245654 0.0454781
6 0.742837 0.136213 0.0481363 0.0825708
21 0.222029 0.346118 0.0184556 0.0357023
6 0.414473 0.383462 0.0107795 0.0180952
0 0.773254 0.0270523 0.0580801 0.0541047
81 0.222046 0.308663 0.0187855 0.0371926
