6 0.168262 0.241916 0.0251752 0.046835
6 0.768581 0.104221 0.0492615 0.0853483
21 0.21106 0.327019 0.0188643 0.0356597
6 0.413757 0.371061 0.0109251 0.0194711
81 0.81233 0.0511834 0.0507528 0.0838837
46 0.582722 0.348201 0.0108128 0.0193221
81 0.2117 0.289225 0.0189509 0.0393038
6 0.168262 0.241916 0.0251752 0.046835
6 0.768581 0.104221 0.0492615 0.0853483
21 0.21106 0.327019 0.0188643 0.0356597
6 0.413757 0.371061 0.0109251 0.0194711
81 0.81233 0.0511834 0.0507528 0.0838837
46 0.582722 0.348201 0.0108128 0.0193221
81 0.2117 0.289225 0.0189509 0.0393038
