81 0.797849 0.0615903 0.0500339 0.0827752
6 0.170379 0.252775 0.0250983 0.0471268
6 0.758807 0.111885 0.0502193 0.0850361
21 0.213529 0.336411 0.0178263 0.0350991
6 0.413398 0.375829 0.0105946 0.0187154
25 0.58 0.390526 0.0112771 0.0197508
46 0.413463 0.358186 0.009478 0.0156766
81 0.797849 0.0615903 0.0500339 0.0827752
6 0.170379 0.252775 0.0250983 0.0471268
6 0.758807 0.111885 0.0502193 0.0850361
21 0.213529 0.336411 0.0178263 0.0350991
6 0.413398 0.375829 0.0105946 0.0187154
25 0.58 0.390526 0.0112771 0.0197508
46 0.413463 0.358186 0.009478 0.0156766
