31 0.77921 0.175401 0.0398861 0.0728341
28 0.223487 0.338072 0.0145433 0.0272009
0 0.557797 0.33392 0.0169554 0.0281931
34 0.782574 0.251586 0.0387461 0.0745343
81 0.557905 0.359003 0.0138628 0.02294
6 0.20749 0.393102 0.0122814 0.024744
28 0.625694 0.207711 0.0225767 0.0391297
6 0.247521 0.399107 0.0121576 0.0253299
6 0.45787 0.257619 0.0153994 0.0271672
6 0.341291 0.368246 0.0114657 0.0207726
31 0.77921 0.175401 0.0398861 0.0728341
28 0.223487 0.338072 0.0145433 0.0272009
0 0.557797 0.33392 0.0169554 0.0281931
34 0.782574 0.251586 0.0387461 0.0745343
81 0.557905 0.359003 0.0138628 0.02294
6 0.20749 0.393102 0.0122814 0.024744
28 0.625694 0.207711 0.0225767 0.0391297
6 0.247521 0.399107 0.0121576 0.0253299
6 0.45787 0.257619 0.0153994 0.0271672
6 0.341291 0.368246 0.0114657 0.0207726
