6 0.168272 0.241924 0.0251824 0.0468452
6 0.768571 0.104155 0.0492796 0.0854162
21 0.211029 0.327004 0.0188598 0.0356913
6 0.413815 0.371019 0.0110541 0.0193748
81 0.812328 0.0511997 0.050726 0.0839059
46 0.582722 0.34822 0.0107889 0.019279
81 0.211697 0.289151 0.0189246 0.0393104
25 0.582466 0.38814 0.0101982 0.017257
6 0.170738 0.302203 0.00963173 0.0267419
6 0.168272 0.241924 0.0251824 0.0468452
6 0.768571 0.104155 0.0492796 0.0854162
21 0.211029 0.327004 0.0188598 0.0356913
6 0.413815 0.371019 0.0110541 0.0193748
81 0.812328 0.0511997 0.050726 0.0839059
46 0.582722 0.34822 0.0107889 0.019279
81 0.211697 0.289151 0.0189246 0.0393104
25 0.582466 0.38814 0.0101982 0.017257
6 0.170738 0.302203 0.00963173 0.0267419
