6 0.168286 0.241883 0.0252294 0.0472579
6 0.768645 0.104246 0.0493004 0.085151
21 0.211011 0.32702 0.0187249 0.0355307
6 0.413821 0.371095 0.010993 0.0190569
81 0.812357 0.0512486 0.0507654 0.0839794
46 0.582708 0.3482 0.0107912 0.0193676
81 0.211675 0.28916 0.018793 0.0392256
6 0.170639 0.302399 0.00956359 0.0262849
25 0.582476 0.388096 0.0103178 0.0173994
6 0.168286 0.241883 0.0252294 0.0472579
6 0.768645 0.104246 0.0493004 0.085151
21 0.211011 0.32702 0.0187249 0.0355307
6 0.413821 0.371095 0.010993 0.0190569
81 0.812357 0.0512486 0.0507654 0.0839794
46 0.582708 0.3482 0.0107912 0.0193676
81 0.211675 0.28916 0.018793 0.0392256
6 0.170639 0.302399 0.00956359 0.0262849
25 0.582476 0.388096 0.0103178 0.0173994
