0 0.603395 0.257503 0.0253763 0.0434981
6 0.446648 0.150113 0.0243448 0.0420383
81 0.604625 0.29782 0.023433 0.0374458
6 0.289265 0.328416 0.0158404 0.0298163
6 0.104554 0.364775 0.0156886 0.033822
6 0.140274 0.366885 0.0132344 0.0412616
39 0.756764 0.370803 0.0223482 0.0459274
21 0.317692 0.383142 0.0120494 0.0212019
0 0.603395 0.257503 0.0253763 0.0434981
6 0.446648 0.150113 0.0243448 0.0420383
81 0.604625 0.29782 0.023433 0.0374458
6 0.289265 0.328416 0.0158404 0.0298163
6 0.104554 0.364775 0.0156886 0.033822
6 0.140274 0.366885 0.0132344 0.0412616
39 0.756764 0.370803 0.0223482 0.0459274
21 0.317692 0.383142 0.0120494 0.0212019
