31 0.843138 0.12157 0.0468468 0.0875881
34 0.848914 0.213686 0.0441086 0.0869845
0 0.563928 0.322815 0.0172483 0.0297255
6 0.236153 0.391644 0.0130378 0.0284831
6 0.196298 0.386416 0.0120463 0.0244879
6 0.457586 0.241952 0.0162241 0.0284428
6 0.336057 0.360429 0.0118086 0.0218999
28 0.643637 0.178514 0.0248287 0.0444002
28 0.207417 0.326183 0.0150478 0.028823
31 0.843138 0.12157 0.0468468 0.0875881
34 0.848914 0.213686 0.0441086 0.0869845
0 0.563928 0.322815 0.0172483 0.0297255
6 0.236153 0.391644 0.0130378 0.0284831
6 0.196298 0.386416 0.0120463 0.0244879
6 0.457586 0.241952 0.0162241 0.0284428
6 0.336057 0.360429 0.0118086 0.0218999
28 0.643637 0.178514 0.0248287 0.0444002
28 0.207417 0.326183 0.0150478 0.028823
