6 0.168276 0.241855 0.0252803 0.0472952
6 0.76865 0.104271 0.0495493 0.0853285
21 0.21099 0.326929 0.0186868 0.0353532
6 0.413818 0.371115 0.0109905 0.0191101
81 0.812383 0.0512375 0.0507353 0.0841074
46 0.58271 0.348072 0.0108242 0.0193793
81 0.211602 0.289139 0.0187988 0.0392336
6 0.170353 0.302988 0.00953326 0.0260534
6 0.168276 0.241855 0.0252803 0.0472952
6 0.76865 0.104271 0.0495493 0.0853285
21 0.21099 0.326929 0.0186868 0.0353532
6 0.413818 0.371115 0.0109905 0.0191101
81 0.812383 0.0512375 0.0507353 0.0841074
46 0.58271 0.348072 0.0108242 0.0193793
81 0.211602 0.289139 0.0187988 0.0392336
6 0.170353 0.302988 0.00953326 0.0260534
