46 0.885957 0.388538 0.0139156 0.0345147
6 0.505399 0.32704 0.0130937 0.023461
12 0.426076 0.400524 0.0116164 0.0208749
6 0.425423 0.420692 0.0119165 0.0207911
6 0.994208 0.428382 0.0114889 0.0250507
6 0.98649 0.338114 0.00995674 0.0227343
12 0.945432 0.236881 0.0213879 0.0518151
127 0.942902 0.19959 0.0242344 0.0258265
12 0.580427 0.375772 0.00997295 0.0184406
46 0.885957 0.388538 0.0139156 0.0345147
6 0.505399 0.32704 0.0130937 0.023461
12 0.426076 0.400524 0.0116164 0.0208749
6 0.425423 0.420692 0.0119165 0.0207911
6 0.994208 0.428382 0.0114889 0.0250507
6 0.98649 0.338114 0.00995674 0.0227343
12 0.945432 0.236881 0.0213879 0.0518151
127 0.942902 0.19959 0.0242344 0.0258265
12 0.580427 0.375772 0.00997295 0.0184406
