6 0.168209 0.242023 0.0251716 0.0472356
6 0.76866 0.104307 0.0497498 0.0856831
21 0.211037 0.327135 0.0186111 0.0360151
81 0.812389 0.0512013 0.0508324 0.0840766
6 0.413711 0.371131 0.0108031 0.0188609
46 0.582813 0.348133 0.0107916 0.0196341
81 0.211535 0.289284 0.0191117 0.0393847
25 0.582395 0.388356 0.0104816 0.0180272
6 0.168209 0.242023 0.0251716 0.0472356
6 0.76866 0.104307 0.0497498 0.0856831
21 0.211037 0.327135 0.0186111 0.0360151
81 0.812389 0.0512013 0.0508324 0.0840766
6 0.413711 0.371131 0.0108031 0.0188609
46 0.582813 0.348133 0.0107916 0.0196341
81 0.211535 0.289284 0.0191117 0.0393847
25 0.582395 0.388356 0.0104816 0.0180272
