114 0.847788 0.325889 0.019767 0.0228607
25 0.156384 0.194166 0.0345754 0.0654788
6 0.451896 0.18037 0.0233408 0.0421061
6 0.317853 0.359821 0.0187537 0.0344362
12 0.319061 0.327903 0.015079 0.0268272
25 0.848096 0.28717 0.0190737 0.0471703
12 0.582509 0.268639 0.019569 0.0350548
6 0.65302 0.355399 0.0103988 0.018124
114 0.847788 0.325889 0.019767 0.0228607
25 0.156384 0.194166 0.0345754 0.0654788
6 0.451896 0.18037 0.0233408 0.0421061
6 0.317853 0.359821 0.0187537 0.0344362
12 0.319061 0.327903 0.015079 0.0268272
25 0.848096 0.28717 0.0190737 0.0471703
12 0.582509 0.268639 0.019569 0.0350548
6 0.65302 0.355399 0.0103988 0.018124
