6 0.168274 0.241891 0.0251669 0.0467858
6 0.768603 0.104216 0.0491622 0.0852522
21 0.211056 0.327029 0.0188138 0.0356257
6 0.413829 0.371025 0.0111044 0.0192907
81 0.812381 0.0512451 0.0507088 0.0839739
46 0.582724 0.348202 0.0107842 0.0192919
81 0.211753 0.289275 0.0189708 0.0394029
6 0.168274 0.241891 0.0251669 0.0467858
6 0.768603 0.104216 0.0491622 0.0852522
21 0.211056 0.327029 0.0188138 0.0356257
6 0.413829 0.371025 0.0111044 0.0192907
81 0.812381 0.0512451 0.0507088 0.0839739
46 0.582724 0.348202 0.0107842 0.0192919
81 0.211753 0.289275 0.0189708 0.0394029
