81 0.730283 0.148459 0.0392206 0.0679865
0 0.727249 0.0730384 0.0514278 0.0831154
6 0.2019 0.279741 0.0225261 0.042658
6 0.709166 0.178484 0.0383354 0.0714902
21 0.241579 0.356499 0.0171361 0.0319789
81 0.241383 0.321968 0.01752 0.0339941
6 0.418242 0.390181 0.010552 0.0188115
81 0.730283 0.148459 0.0392206 0.0679865
0 0.727249 0.0730384 0.0514278 0.0831154
6 0.2019 0.279741 0.0225261 0.042658
6 0.709166 0.178484 0.0383354 0.0714902
21 0.241579 0.356499 0.0171361 0.0319789
81 0.241383 0.321968 0.01752 0.0339941
6 0.418242 0.390181 0.010552 0.0188115
