6 0.168327 0.241905 0.025292 0.0472628
6 0.768603 0.104184 0.0491952 0.0852815
21 0.211054 0.32701 0.0187678 0.0355215
6 0.413853 0.371075 0.0110312 0.0191581
81 0.812374 0.0512337 0.0506817 0.0838953
46 0.582732 0.348206 0.0107414 0.0192267
81 0.211753 0.289269 0.0190065 0.0393807
6 0.170623 0.302376 0.00977273 0.0270248
6 0.168327 0.241905 0.025292 0.0472628
6 0.768603 0.104184 0.0491952 0.0852815
21 0.211054 0.32701 0.0187678 0.0355215
6 0.413853 0.371075 0.0110312 0.0191581
81 0.812374 0.0512337 0.0506817 0.0838953
46 0.582732 0.348206 0.0107414 0.0192267
81 0.211753 0.289269 0.0190065 0.0393807
6 0.170623 0.302376 0.00977273 0.0270248
