0 0.576911 0.306789 0.0204445 0.0363568
6 0.456397 0.219547 0.0188108 0.0329471
28 0.166913 0.31227 0.0169539 0.0342644
6 0.323246 0.355556 0.0126578 0.0239946
81 0.577923 0.338767 0.0168112 0.0280499
6 0.20903 0.388357 0.0134057 0.0325929
6 0.169925 0.383619 0.0125198 0.0279595
42 0.692082 0.110455 0.0319159 0.0540012
21 0.347864 0.401228 0.0105132 0.0181268
0 0.576911 0.306789 0.0204445 0.0363568
6 0.456397 0.219547 0.0188108 0.0329471
28 0.166913 0.31227 0.0169539 0.0342644
6 0.323246 0.355556 0.0126578 0.0239946
81 0.577923 0.338767 0.0168112 0.0280499
6 0.20903 0.388357 0.0134057 0.0325929
6 0.169925 0.383619 0.0125198 0.0279595
42 0.692082 0.110455 0.0319159 0.0540012
21 0.347864 0.401228 0.0105132 0.0181268
