6 0.168293 0.241845 0.0252321 0.0472578
6 0.7686 0.104254 0.0495228 0.0853335
21 0.211007 0.326993 0.01865 0.0353862
6 0.413838 0.371139 0.0110039 0.0190199
81 0.812426 0.0512611 0.0507671 0.084118
46 0.582702 0.348094 0.0108292 0.0194579
81 0.211591 0.289151 0.0188944 0.0393371
6 0.17052 0.302879 0.0094872 0.0264659
25 0.58242 0.388237 0.0102526 0.017275
6 0.168293 0.241845 0.0252321 0.0472578
6 0.7686 0.104254 0.0495228 0.0853335
21 0.211007 0.326993 0.01865 0.0353862
6 0.413838 0.371139 0.0110039 0.0190199
81 0.812426 0.0512611 0.0507671 0.084118
46 0.582702 0.348094 0.0108292 0.0194579
81 0.211591 0.289151 0.0188944 0.0393371
6 0.17052 0.302879 0.0094872 0.0264659
25 0.58242 0.388237 0.0102526 0.017275
