6 0.16819 0.24197 0.0251494 0.047166
6 0.768659 0.104265 0.0496498 0.08558
21 0.21104 0.32712 0.0185764 0.0359291
46 0.582889 0.348063 0.0107964 0.0195796
81 0.812317 0.0512236 0.0507059 0.0839984
6 0.413838 0.371108 0.0109739 0.018892
81 0.211534 0.289244 0.0191308 0.0393039
6 0.16819 0.24197 0.0251494 0.047166
6 0.768659 0.104265 0.0496498 0.08558
21 0.21104 0.32712 0.0185764 0.0359291
46 0.582889 0.348063 0.0107964 0.0195796
81 0.812317 0.0512236 0.0507059 0.0839984
6 0.413838 0.371108 0.0109739 0.018892
81 0.211534 0.289244 0.0191308 0.0393039
