25 0.286856 0.291685 0.0239641 0.0429409
6 0.462339 0.244738 0.0190714 0.0344317
6 0.353422 0.37766 0.0158542 0.0280521
12 0.353906 0.351083 0.0132275 0.023116
12 0.562616 0.311784 0.013931 0.0220946
6 0.638859 0.367647 0.00961094 0.0167898
25 0.714263 0.347928 0.0130217 0.0321142
25 0.286856 0.291685 0.0239641 0.0429409
6 0.462339 0.244738 0.0190714 0.0344317
6 0.353422 0.37766 0.0158542 0.0280521
12 0.353906 0.351083 0.0132275 0.023116
12 0.562616 0.311784 0.013931 0.0220946
6 0.638859 0.367647 0.00961094 0.0167898
25 0.714263 0.347928 0.0130217 0.0321142
