46 0.876912 0.387576 0.0149677 0.0353052
6 0.50696 0.328617 0.0131762 0.0230928
12 0.929157 0.241907 0.0225632 0.0514233
6 0.990596 0.42626 0.0127495 0.0249122
12 0.58021 0.375698 0.00974178 0.0173826
6 0.4276 0.420438 0.0123915 0.0216879
127 0.579918 0.359403 0.0160884 0.013667
6 0.980576 0.336409 0.0104881 0.0243412
12 0.428428 0.400147 0.0133851 0.0199203
46 0.876912 0.387576 0.0149677 0.0353052
6 0.50696 0.328617 0.0131762 0.0230928
12 0.929157 0.241907 0.0225632 0.0514233
6 0.990596 0.42626 0.0127495 0.0249122
12 0.58021 0.375698 0.00974178 0.0173826
6 0.4276 0.420438 0.0123915 0.0216879
127 0.579918 0.359403 0.0160884 0.013667
6 0.980576 0.336409 0.0104881 0.0243412
12 0.428428 0.400147 0.0133851 0.0199203
