25 0.101277 0.172089 0.0420034 0.079115
6 0.454605 0.183047 0.0253194 0.0439787
6 0.312091 0.379509 0.020821 0.0386717
12 0.596094 0.278672 0.0214544 0.0361517
25 0.918225 0.286367 0.0234985 0.0555196
6 0.663443 0.377463 0.0103253 0.0190328
12 0.313162 0.343834 0.0155286 0.0250208
25 0.101277 0.172089 0.0420034 0.079115
6 0.454605 0.183047 0.0253194 0.0439787
6 0.312091 0.379509 0.020821 0.0386717
12 0.596094 0.278672 0.0214544 0.0361517
25 0.918225 0.286367 0.0234985 0.0555196
6 0.663443 0.377463 0.0103253 0.0190328
12 0.313162 0.343834 0.0155286 0.0250208
