6 0.168412 0.24269 0.0253487 0.0477527
6 0.7689 0.1052 0.0495939 0.0854208
46 0.583079 0.348747 0.0104939 0.0191321
21 0.211136 0.327676 0.018577 0.0361545
81 0.813018 0.0519789 0.0503055 0.0836751
6 0.413831 0.372033 0.010975 0.0180691
25 0.582612 0.389688 0.0103659 0.0190828
6 0.168412 0.24269 0.0253487 0.0477527
6 0.7689 0.1052 0.0495939 0.0854208
46 0.583079 0.348747 0.0104939 0.0191321
21 0.211136 0.327676 0.018577 0.0361545
81 0.813018 0.0519789 0.0503055 0.0836751
6 0.413831 0.372033 0.010975 0.0180691
25 0.582612 0.389688 0.0103659 0.0190828
