0 0.602056 0.259766 0.025425 0.0434903
81 0.603639 0.299392 0.0233496 0.0377027
6 0.447045 0.152373 0.0238276 0.0404914
6 0.107202 0.364798 0.0149977 0.0322138
6 0.290279 0.329096 0.0155862 0.0292856
39 0.753919 0.37223 0.0222475 0.0451591
6 0.143189 0.36791 0.0135479 0.0405289
28 0.0645881 0.265275 0.0189865 0.0446751
0 0.602056 0.259766 0.025425 0.0434903
81 0.603639 0.299392 0.0233496 0.0377027
6 0.447045 0.152373 0.0238276 0.0404914
6 0.107202 0.364798 0.0149977 0.0322138
6 0.290279 0.329096 0.0155862 0.0292856
39 0.753919 0.37223 0.0222475 0.0451591
6 0.143189 0.36791 0.0135479 0.0405289
28 0.0645881 0.265275 0.0189865 0.0446751
