25 0.059612 0.145425 0.0444074 0.0875578
6 0.455873 0.167469 0.0268518 0.0472827
6 0.307785 0.376241 0.0214004 0.0402759
12 0.604452 0.268155 0.0224572 0.0385588
25 0.966055 0.271075 0.026388 0.061206
12 0.308466 0.338607 0.0156652 0.0284229
6 0.669125 0.374029 0.0104687 0.0188399
127 0.604873 0.233226 0.028463 0.0221381
25 0.059612 0.145425 0.0444074 0.0875578
6 0.455873 0.167469 0.0268518 0.0472827
6 0.307785 0.376241 0.0214004 0.0402759
12 0.604452 0.268155 0.0224572 0.0385588
25 0.966055 0.271075 0.026388 0.061206
12 0.308466 0.338607 0.0156652 0.0284229
6 0.669125 0.374029 0.0104687 0.0188399
127 0.604873 0.233226 0.028463 0.0221381
