6 0.168205 0.241893 0.0251081 0.0468324
6 0.768578 0.104237 0.0493465 0.085124
21 0.211008 0.327225 0.0185546 0.0359549
81 0.812404 0.0511734 0.0507828 0.0841405
6 0.413902 0.37112 0.010925 0.0188204
46 0.582806 0.348155 0.0107883 0.0193494
81 0.211607 0.2893 0.0192691 0.0392838
6 0.168205 0.241893 0.0251081 0.0468324
6 0.768578 0.104237 0.0493465 0.085124
21 0.211008 0.327225 0.0185546 0.0359549
81 0.812404 0.0511734 0.0507828 0.0841405
6 0.413902 0.37112 0.010925 0.0188204
46 0.582806 0.348155 0.0107883 0.0193494
81 0.211607 0.2893 0.0192691 0.0392838
