6 0.168349 0.241914 0.0252162 0.0472315
6 0.768593 0.104232 0.0492093 0.0852668
21 0.211025 0.326958 0.0187365 0.0355871
6 0.413823 0.371024 0.0110571 0.0191203
81 0.812393 0.051179 0.0507227 0.0839316
46 0.582738 0.348185 0.0108253 0.0192302
81 0.211616 0.289165 0.0187638 0.0392631
6 0.170613 0.302514 0.00972946 0.0266079
6 0.168349 0.241914 0.0252162 0.0472315
6 0.768593 0.104232 0.0492093 0.0852668
21 0.211025 0.326958 0.0187365 0.0355871
6 0.413823 0.371024 0.0110571 0.0191203
81 0.812393 0.051179 0.0507227 0.0839316
46 0.582738 0.348185 0.0108253 0.0192302
81 0.211616 0.289165 0.0187638 0.0392631
6 0.170613 0.302514 0.00972946 0.0266079
