81 0.766304 0.105714 0.0446194 0.0746225
6 0.73659 0.146068 0.0457666 0.079066
0 0.762756 0.0349179 0.0577757 0.0698358
6 0.184778 0.266494 0.0237542 0.044837
21 0.226354 0.347816 0.0178338 0.0340832
6 0.415085 0.385824 0.0104045 0.0178563
81 0.226191 0.311654 0.0186152 0.0380845
81 0.766304 0.105714 0.0446194 0.0746225
6 0.73659 0.146068 0.0457666 0.079066
0 0.762756 0.0349179 0.0577757 0.0698358
6 0.184778 0.266494 0.0237542 0.044837
21 0.226354 0.347816 0.0178338 0.0340832
6 0.415085 0.385824 0.0104045 0.0178563
81 0.226191 0.311654 0.0186152 0.0380845
