6 0.168148 0.242073 0.0252045 0.0471658
6 0.768692 0.104271 0.0498518 0.0859742
21 0.210966 0.327216 0.0188925 0.0362292
6 0.413666 0.371132 0.0107532 0.0188658
46 0.582852 0.348088 0.010848 0.0198067
81 0.812407 0.0510905 0.0508278 0.0840158
81 0.211409 0.28925 0.019285 0.0395882
25 0.582623 0.388096 0.0104897 0.0182036
6 0.168148 0.242073 0.0252045 0.0471658
6 0.768692 0.104271 0.0498518 0.0859742
21 0.210966 0.327216 0.0188925 0.0362292
6 0.413666 0.371132 0.0107532 0.0188658
46 0.582852 0.348088 0.010848 0.0198067
81 0.812407 0.0510905 0.0508278 0.0840158
81 0.211409 0.28925 0.019285 0.0395882
25 0.582623 0.388096 0.0104897 0.0182036
