81 0.629407 0.263931 0.0270274 0.0470542
0 0.629029 0.214011 0.031526 0.0533118
6 0.437738 0.0919663 0.0296669 0.0497807
6 0.261999 0.312998 0.018075 0.0339255
6 0.0553654 0.35872 0.01736 0.0367568
39 0.817548 0.355335 0.0272236 0.058075
81 0.294254 0.347524 0.0140849 0.0273493
6 0.0838705 0.359007 0.0136942 0.0471095
6 0.425325 0.395596 0.0101359 0.0178149
21 0.294261 0.374376 0.0128896 0.0231111
81 0.629407 0.263931 0.0270274 0.0470542
0 0.629029 0.214011 0.031526 0.0533118
6 0.437738 0.0919663 0.0296669 0.0497807
6 0.261999 0.312998 0.018075 0.0339255
6 0.0553654 0.35872 0.01736 0.0367568
39 0.817548 0.355335 0.0272236 0.058075
81 0.294254 0.347524 0.0140849 0.0273493
6 0.0838705 0.359007 0.0136942 0.0471095
6 0.425325 0.395596 0.0101359 0.0178149
21 0.294261 0.374376 0.0128896 0.0231111
