6 0.461555 0.115305 0.0316666 0.0541546
6 0.29227 0.367467 0.0234212 0.0446153
12 0.637997 0.237753 0.0249183 0.044328
12 0.293797 0.325359 0.0203037 0.033629
127 0.637043 0.197178 0.0304873 0.0259152
6 0.688573 0.373391 0.0107439 0.0192932
128 0.63697 0.196006 0.0312824 0.0246062
6 0.461555 0.115305 0.0316666 0.0541546
6 0.29227 0.367467 0.0234212 0.0446153
12 0.637997 0.237753 0.0249183 0.044328
12 0.293797 0.325359 0.0203037 0.033629
127 0.637043 0.197178 0.0304873 0.0259152
6 0.688573 0.373391 0.0107439 0.0192932
128 0.63697 0.196006 0.0312824 0.0246062
