31 0.716556 0.223271 0.0328953 0.0587953
34 0.717714 0.286336 0.0324125 0.0566723
0 0.549253 0.340089 0.0148077 0.0263169
6 0.220094 0.395093 0.0109185 0.020401
6 0.259282 0.400803 0.0124742 0.0245334
6 0.345879 0.37195 0.011612 0.0201901
6 0.456168 0.268613 0.0134933 0.0244735
31 0.716556 0.223271 0.0328953 0.0587953
34 0.717714 0.286336 0.0324125 0.0566723
0 0.549253 0.340089 0.0148077 0.0263169
6 0.220094 0.395093 0.0109185 0.020401
6 0.259282 0.400803 0.0124742 0.0245334
6 0.345879 0.37195 0.011612 0.0201901
6 0.456168 0.268613 0.0134933 0.0244735
