6 0.168334 0.241904 0.025222 0.0472165
6 0.768602 0.104264 0.0492702 0.0853358
21 0.211024 0.326969 0.0187299 0.0355582
6 0.413824 0.371022 0.0110502 0.0190992
81 0.812386 0.0511686 0.0507032 0.083912
46 0.582748 0.348195 0.0108396 0.0192628
81 0.211636 0.289175 0.018802 0.0392204
6 0.170684 0.302487 0.0095973 0.0264803
6 0.168334 0.241904 0.025222 0.0472165
6 0.768602 0.104264 0.0492702 0.0853358
21 0.211024 0.326969 0.0187299 0.0355582
6 0.413824 0.371022 0.0110502 0.0190992
81 0.812386 0.0511686 0.0507032 0.083912
46 0.582748 0.348195 0.0108396 0.0192628
81 0.211636 0.289175 0.018802 0.0392204
6 0.170684 0.302487 0.0095973 0.0264803
