81 0.790823 0.074062 0.048785 0.081208
6 0.753714 0.12399 0.0495614 0.0861239
6 0.174094 0.257556 0.0249732 0.0468057
21 0.216751 0.339876 0.0178893 0.034365
6 0.413686 0.3803 0.0109595 0.0187307
0 0.789737 0.0173453 0.0529629 0.0346907
81 0.216646 0.303216 0.0196491 0.0392209
81 0.790823 0.074062 0.048785 0.081208
6 0.753714 0.12399 0.0495614 0.0861239
6 0.174094 0.257556 0.0249732 0.0468057
21 0.216751 0.339876 0.0178893 0.034365
6 0.413686 0.3803 0.0109595 0.0187307
0 0.789737 0.0173453 0.0529629 0.0346907
81 0.216646 0.303216 0.0196491 0.0392209
