31 0.723258 0.218344 0.0337025 0.0608247
0 0.550472 0.339053 0.0150286 0.026113
6 0.258261 0.401512 0.0124163 0.0255159
28 0.606674 0.23097 0.0198736 0.0349163
34 0.724773 0.28216 0.0344984 0.0607974
6 0.219253 0.395721 0.0111923 0.0216011
6 0.456461 0.267843 0.0135668 0.0242487
6 0.345701 0.372403 0.0114538 0.0199501
31 0.723258 0.218344 0.0337025 0.0608247
0 0.550472 0.339053 0.0150286 0.026113
6 0.258261 0.401512 0.0124163 0.0255159
28 0.606674 0.23097 0.0198736 0.0349163
34 0.724773 0.28216 0.0344984 0.0607974
6 0.219253 0.395721 0.0111923 0.0216011
6 0.456461 0.267843 0.0135668 0.0242487
6 0.345701 0.372403 0.0114538 0.0199501
