34 0.971169 0.154545 0.0495533 0.106119
31 0.95972 0.0499043 0.0527763 0.0998087
0 0.572195 0.311171 0.018309 0.0312152
6 0.457659 0.225524 0.0174648 0.0311234
6 0.220398 0.386522 0.0134254 0.0314832
6 0.18013 0.381835 0.0122178 0.0282198
6 0.328544 0.354411 0.0120723 0.0224736
28 0.183942 0.314769 0.0166519 0.0306908
39 0.682557 0.390212 0.0141977 0.0268962
81 0.574928 0.339462 0.0186039 0.0261571
34 0.971169 0.154545 0.0495533 0.106119
31 0.95972 0.0499043 0.0527763 0.0998087
0 0.572195 0.311171 0.018309 0.0312152
6 0.457659 0.225524 0.0174648 0.0311234
6 0.220398 0.386522 0.0134254 0.0314832
6 0.18013 0.381835 0.0122178 0.0282198
6 0.328544 0.354411 0.0120723 0.0224736
28 0.183942 0.314769 0.0166519 0.0306908
39 0.682557 0.390212 0.0141977 0.0268962
81 0.574928 0.339462 0.0186039 0.0261571
