6 0.16826 0.241908 0.025203 0.0468924
6 0.768593 0.1042 0.0492189 0.085295
21 0.211049 0.32701 0.0187904 0.0355577
6 0.413821 0.371051 0.0110571 0.0191223
81 0.812389 0.0512494 0.0507125 0.0839411
46 0.582731 0.348209 0.0107357 0.0192602
81 0.211756 0.289279 0.0189897 0.0393961
6 0.17066 0.302288 0.00968108 0.0266816
6 0.16826 0.241908 0.025203 0.0468924
6 0.768593 0.1042 0.0492189 0.085295
21 0.211049 0.32701 0.0187904 0.0355577
6 0.413821 0.371051 0.0110571 0.0191223
81 0.812389 0.0512494 0.0507125 0.0839411
46 0.582731 0.348209 0.0107357 0.0192602
81 0.211756 0.289279 0.0189897 0.0393961
6 0.17066 0.302288 0.00968108 0.0266816
