6 0.168228 0.242035 0.0251218 0.0472156
6 0.768734 0.104455 0.0498035 0.0857465
21 0.211077 0.327319 0.01871 0.0364299
46 0.58286 0.348033 0.0108192 0.0195343
81 0.812671 0.0507659 0.0507419 0.0835718
6 0.413795 0.371236 0.0109515 0.0186313
81 0.211502 0.289214 0.0191205 0.0394836
6 0.168228 0.242035 0.0251218 0.0472156
6 0.768734 0.104455 0.0498035 0.0857465
21 0.211077 0.327319 0.01871 0.0364299
46 0.58286 0.348033 0.0108192 0.0195343
81 0.812671 0.0507659 0.0507419 0.0835718
6 0.413795 0.371236 0.0109515 0.0186313
81 0.211502 0.289214 0.0191205 0.0394836
