0 0.612926 0.239015 0.0288847 0.0485906
6 0.441573 0.124535 0.02561 0.0447603
81 0.613557 0.28227 0.0236631 0.0393429
6 0.27602 0.320319 0.016753 0.0307927
6 0.0818145 0.361349 0.0164456 0.0347482
6 0.114597 0.362985 0.0134145 0.0417852
28 0.0177283 0.249677 0.0200278 0.0517959
21 0.306175 0.378599 0.0128009 0.0222881
39 0.781259 0.363567 0.0253188 0.0519879
0 0.612926 0.239015 0.0288847 0.0485906
6 0.441573 0.124535 0.02561 0.0447603
81 0.613557 0.28227 0.0236631 0.0393429
6 0.27602 0.320319 0.016753 0.0307927
6 0.0818145 0.361349 0.0164456 0.0347482
6 0.114597 0.362985 0.0134145 0.0417852
28 0.0177283 0.249677 0.0200278 0.0517959
21 0.306175 0.378599 0.0128009 0.0222881
39 0.781259 0.363567 0.0253188 0.0519879
