25 0.18577 0.212718 0.0322389 0.0595692
6 0.450565 0.190708 0.0223563 0.0388344
12 0.574628 0.273413 0.0183208 0.0321425
25 0.810867 0.298967 0.0154804 0.0378865
6 0.321596 0.358543 0.0187323 0.0332064
12 0.322807 0.328191 0.015533 0.0248564
6 0.646858 0.354012 0.00954456 0.0164349
127 0.574829 0.245097 0.023914 0.0179754
125 0.810933 0.332628 0.0165882 0.0209738
25 0.18577 0.212718 0.0322389 0.0595692
6 0.450565 0.190708 0.0223563 0.0388344
12 0.574628 0.273413 0.0183208 0.0321425
25 0.810867 0.298967 0.0154804 0.0378865
6 0.321596 0.358543 0.0187323 0.0332064
12 0.322807 0.328191 0.015533 0.0248564
6 0.646858 0.354012 0.00954456 0.0164349
127 0.574829 0.245097 0.023914 0.0179754
125 0.810933 0.332628 0.0165882 0.0209738
