6 0.168173 0.241971 0.0251858 0.0471641
6 0.768659 0.104237 0.0496344 0.0855767
21 0.211046 0.327107 0.018585 0.035908
46 0.582869 0.348067 0.0107775 0.0195641
81 0.812377 0.0512241 0.0506783 0.0840071
6 0.413842 0.371098 0.0109785 0.0188423
81 0.211556 0.289255 0.0191565 0.0393433
6 0.168173 0.241971 0.0251858 0.0471641
6 0.768659 0.104237 0.0496344 0.0855767
21 0.211046 0.327107 0.018585 0.035908
46 0.582869 0.348067 0.0107775 0.0195641
81 0.812377 0.0512241 0.0506783 0.0840071
6 0.413842 0.371098 0.0109785 0.0188423
81 0.211556 0.289255 0.0191565 0.0393433
