6 0.1683 0.241835 0.0252272 0.0471697
6 0.7686 0.104249 0.049231 0.0851668
21 0.211015 0.326985 0.018735 0.0355215
6 0.413837 0.371063 0.01103 0.019064
81 0.812378 0.051208 0.0507393 0.0839085
46 0.582698 0.348177 0.0107879 0.0192273
81 0.211685 0.289186 0.0189093 0.0393202
6 0.170539 0.302121 0.00979366 0.0260271
6 0.1683 0.241835 0.0252272 0.0471697
6 0.7686 0.104249 0.049231 0.0851668
21 0.211015 0.326985 0.018735 0.0355215
6 0.413837 0.371063 0.01103 0.019064
81 0.812378 0.051208 0.0507393 0.0839085
46 0.582698 0.348177 0.0107879 0.0192273
81 0.211685 0.289186 0.0189093 0.0393202
6 0.170539 0.302121 0.00979366 0.0260271
