6 0.168306 0.24188 0.0252629 0.0473032
6 0.768635 0.104259 0.0493168 0.0851737
21 0.211003 0.327015 0.0187189 0.0354672
6 0.413829 0.371085 0.0110126 0.0190558
81 0.812346 0.0512394 0.0507804 0.0839119
46 0.582699 0.348154 0.0107306 0.019262
81 0.211687 0.289185 0.0188239 0.0392945
6 0.170679 0.302501 0.00964358 0.0264188
25 0.582426 0.388032 0.0102331 0.0172026
6 0.168306 0.24188 0.0252629 0.0473032
6 0.768635 0.104259 0.0493168 0.0851737
21 0.211003 0.327015 0.0187189 0.0354672
6 0.413829 0.371085 0.0110126 0.0190558
81 0.812346 0.0512394 0.0507804 0.0839119
46 0.582699 0.348154 0.0107306 0.019262
81 0.211687 0.289185 0.0188239 0.0392945
6 0.170679 0.302501 0.00964358 0.0264188
25 0.582426 0.388032 0.0102331 0.0172026
