6 0.168217 0.241999 0.0252115 0.0472327
6 0.768692 0.104314 0.0496956 0.0856437
21 0.211042 0.327137 0.0185648 0.0359372
81 0.812363 0.0512677 0.050779 0.0840809
46 0.582855 0.348128 0.0108123 0.0196114
6 0.413726 0.371112 0.010813 0.018878
81 0.211545 0.289277 0.0191419 0.0392681
6 0.168217 0.241999 0.0252115 0.0472327
6 0.768692 0.104314 0.0496956 0.0856437
21 0.211042 0.327137 0.0185648 0.0359372
81 0.812363 0.0512677 0.050779 0.0840809
46 0.582855 0.348128 0.0108123 0.0196114
6 0.413726 0.371112 0.010813 0.018878
81 0.211545 0.289277 0.0191419 0.0392681
