25 0.205391 0.236779 0.0315397 0.0579075
6 0.448973 0.207703 0.0208631 0.037443
6 0.324007 0.367449 0.0181286 0.0329926
12 0.568303 0.28648 0.0166317 0.028246
25 0.784784 0.308899 0.0140682 0.0356938
6 0.641344 0.360481 0.0100763 0.0179087
12 0.32535 0.337805 0.0144829 0.0227949
27 0.59907 0.437975 0.014795 0.0296443
25 0.784147 0.314707 0.0152212 0.0372602
25 0.205391 0.236779 0.0315397 0.0579075
6 0.448973 0.207703 0.0208631 0.037443
6 0.324007 0.367449 0.0181286 0.0329926
12 0.568303 0.28648 0.0166317 0.028246
25 0.784784 0.308899 0.0140682 0.0356938
6 0.641344 0.360481 0.0100763 0.0179087
12 0.32535 0.337805 0.0144829 0.0227949
27 0.59907 0.437975 0.014795 0.0296443
25 0.784147 0.314707 0.0152212 0.0372602
