6 0.168324 0.241903 0.0252719 0.0472644
6 0.768607 0.104208 0.0492189 0.0853191
21 0.211059 0.327017 0.0187727 0.0355292
6 0.413834 0.371061 0.0110371 0.0191157
81 0.812375 0.051237 0.0506889 0.083914
46 0.582729 0.348211 0.010737 0.0192314
81 0.211763 0.289275 0.0189848 0.0393553
6 0.170651 0.302387 0.00972271 0.0270292
6 0.168324 0.241903 0.0252719 0.0472644
6 0.768607 0.104208 0.0492189 0.0853191
21 0.211059 0.327017 0.0187727 0.0355292
6 0.413834 0.371061 0.0110371 0.0191157
81 0.812375 0.051237 0.0506889 0.083914
46 0.582729 0.348211 0.010737 0.0192314
81 0.211763 0.289275 0.0189848 0.0393553
6 0.170651 0.302387 0.00972271 0.0270292
