0 0.582051 0.297276 0.0221073 0.0380739
6 0.454378 0.207486 0.0195259 0.034691
6 0.197235 0.388202 0.0137614 0.0327404
6 0.317386 0.351814 0.013185 0.024813
6 0.157943 0.38371 0.0139474 0.029109
28 0.148886 0.306273 0.0176517 0.0347706
81 0.58471 0.330844 0.0214331 0.0304553
21 0.343223 0.40029 0.0112215 0.0192978
0 0.582051 0.297276 0.0221073 0.0380739
6 0.454378 0.207486 0.0195259 0.034691
6 0.197235 0.388202 0.0137614 0.0327404
6 0.317386 0.351814 0.013185 0.024813
6 0.157943 0.38371 0.0139474 0.029109
28 0.148886 0.306273 0.0176517 0.0347706
81 0.58471 0.330844 0.0214331 0.0304553
21 0.343223 0.40029 0.0112215 0.0192978
