6 0.168208 0.242018 0.0251901 0.0471942
6 0.768653 0.104313 0.0497169 0.0856624
21 0.211089 0.327143 0.0185687 0.0360134
81 0.812332 0.0512154 0.0507366 0.083984
46 0.582869 0.348114 0.010812 0.0195584
6 0.413738 0.371112 0.0108227 0.0189384
81 0.211563 0.289297 0.0191859 0.0394557
6 0.168208 0.242018 0.0251901 0.0471942
6 0.768653 0.104313 0.0497169 0.0856624
21 0.211089 0.327143 0.0185687 0.0360134
81 0.812332 0.0512154 0.0507366 0.083984
46 0.582869 0.348114 0.010812 0.0195584
6 0.413738 0.371112 0.0108227 0.0189384
81 0.211563 0.289297 0.0191859 0.0394557
