6 0.1682 0.241983 0.0251418 0.0470818
6 0.768679 0.104278 0.0495681 0.0854639
21 0.21102 0.32711 0.0185805 0.0358801
81 0.812377 0.0512395 0.0507421 0.0840728
6 0.413823 0.371143 0.0108141 0.0189253
46 0.582888 0.348032 0.0108149 0.0196347
81 0.211549 0.289249 0.0191411 0.0392854
6 0.1682 0.241983 0.0251418 0.0470818
6 0.768679 0.104278 0.0495681 0.0854639
21 0.21102 0.32711 0.0185805 0.0358801
81 0.812377 0.0512395 0.0507421 0.0840728
6 0.413823 0.371143 0.0108141 0.0189253
46 0.582888 0.348032 0.0108149 0.0196347
81 0.211549 0.289249 0.0191411 0.0392854
