46 0.90574 0.383762 0.0144434 0.035758
6 0.418674 0.415588 0.0120188 0.0213589
6 0.502276 0.319801 0.0131568 0.0234938
127 0.981458 0.179757 0.0242989 0.0282664
12 0.984208 0.22037 0.0222134 0.0642029
128 0.577934 0.351195 0.0161371 0.0127509
12 0.419853 0.394368 0.011595 0.0187202
12 0.578434 0.36827 0.0105517 0.0188097
46 0.90574 0.383762 0.0144434 0.035758
6 0.418674 0.415588 0.0120188 0.0213589
6 0.502276 0.319801 0.0131568 0.0234938
127 0.981458 0.179757 0.0242989 0.0282664
12 0.984208 0.22037 0.0222134 0.0642029
128 0.577934 0.351195 0.0161371 0.0127509
12 0.419853 0.394368 0.011595 0.0187202
12 0.578434 0.36827 0.0105517 0.0188097
