25 0.305957 0.306498 0.0228024 0.0398802
6 0.469509 0.257674 0.0182123 0.0319949
6 0.363706 0.385227 0.0160013 0.0275153
12 0.364463 0.359349 0.013782 0.0224375
12 0.56536 0.323298 0.0130205 0.0231937
127 0.565577 0.302317 0.0189352 0.0164535
25 0.706277 0.360025 0.0130095 0.0325793
25 0.305957 0.306498 0.0228024 0.0398802
6 0.469509 0.257674 0.0182123 0.0319949
6 0.363706 0.385227 0.0160013 0.0275153
12 0.364463 0.359349 0.013782 0.0224375
12 0.56536 0.323298 0.0130205 0.0231937
127 0.565577 0.302317 0.0189352 0.0164535
25 0.706277 0.360025 0.0130095 0.0325793
