28 0.137218 0.299625 0.0180732 0.0368529
0 0.584614 0.290446 0.0222692 0.0385622
6 0.453729 0.197732 0.01992 0.0351707
81 0.586985 0.32445 0.0211971 0.030336
6 0.189418 0.384418 0.0133378 0.0334922
6 0.150944 0.380079 0.0137093 0.0287087
6 0.313661 0.347174 0.0131434 0.0244788
28 0.137218 0.299625 0.0180732 0.0368529
0 0.584614 0.290446 0.0222692 0.0385622
6 0.453729 0.197732 0.01992 0.0351707
81 0.586985 0.32445 0.0211971 0.030336
6 0.189418 0.384418 0.0133378 0.0334922
6 0.150944 0.380079 0.0137093 0.0287087
6 0.313661 0.347174 0.0131434 0.0244788
