6 0.168151 0.243429 0.0250556 0.0470366
6 0.76859 0.105436 0.0494674 0.0851126
21 0.211151 0.328482 0.0187902 0.0365368
81 0.812182 0.0521 0.0507948 0.0842116
6 0.413744 0.372192 0.0110579 0.0183921
25 0.582412 0.389706 0.0104449 0.0194807
81 0.211558 0.290406 0.0191499 0.0398137
46 0.582829 0.348709 0.0104424 0.0188195
6 0.168151 0.243429 0.0250556 0.0470366
6 0.76859 0.105436 0.0494674 0.0851126
21 0.211151 0.328482 0.0187902 0.0365368
81 0.812182 0.0521 0.0507948 0.0842116
6 0.413744 0.372192 0.0110579 0.0183921
25 0.582412 0.389706 0.0104449 0.0194807
81 0.211558 0.290406 0.0191499 0.0398137
46 0.582829 0.348709 0.0104424 0.0188195
