6 0.168289 0.241892 0.0252314 0.0472456
6 0.768652 0.104246 0.0492617 0.0851895
21 0.210986 0.327028 0.0187119 0.0354407
6 0.413832 0.371109 0.0109985 0.019037
81 0.812368 0.0511809 0.0507915 0.0840462
46 0.582716 0.348177 0.0107536 0.0193093
81 0.211636 0.289229 0.0188763 0.0393801
6 0.170408 0.302149 0.00980754 0.0266591
25 0.582473 0.388184 0.0102127 0.0173415
6 0.168289 0.241892 0.0252314 0.0472456
6 0.768652 0.104246 0.0492617 0.0851895
21 0.210986 0.327028 0.0187119 0.0354407
6 0.413832 0.371109 0.0109985 0.019037
81 0.812368 0.0511809 0.0507915 0.0840462
46 0.582716 0.348177 0.0107536 0.0193093
81 0.211636 0.289229 0.0188763 0.0393801
6 0.170408 0.302149 0.00980754 0.0266591
25 0.582473 0.388184 0.0102127 0.0173415
