25 0.145423 0.192439 0.035408 0.0674109
6 0.316553 0.366153 0.0201191 0.0362846
6 0.452046 0.183859 0.0235437 0.0430959
12 0.585027 0.272066 0.0211664 0.034311
25 0.86192 0.287435 0.0181168 0.04746
6 0.654868 0.361755 0.0108946 0.0203784
12 0.317154 0.332936 0.0149039 0.025858
25 0.145423 0.192439 0.035408 0.0674109
6 0.316553 0.366153 0.0201191 0.0362846
6 0.452046 0.183859 0.0235437 0.0430959
12 0.585027 0.272066 0.0211664 0.034311
25 0.86192 0.287435 0.0181168 0.04746
6 0.654868 0.361755 0.0108946 0.0203784
12 0.317154 0.332936 0.0149039 0.025858
