6 0.168242 0.241606 0.0251923 0.0472429
6 0.768753 0.104497 0.0497833 0.0857717
21 0.210981 0.327015 0.0188324 0.0362969
81 0.813026 0.0508403 0.0502197 0.0831275
46 0.582842 0.348081 0.0108591 0.0197151
6 0.413761 0.370986 0.0108616 0.0186834
81 0.211488 0.28915 0.0191672 0.0396975
6 0.168242 0.241606 0.0251923 0.0472429
6 0.768753 0.104497 0.0497833 0.0857717
21 0.210981 0.327015 0.0188324 0.0362969
81 0.813026 0.0508403 0.0502197 0.0831275
46 0.582842 0.348081 0.0108591 0.0197151
6 0.413761 0.370986 0.0108616 0.0186834
81 0.211488 0.28915 0.0191672 0.0396975
