6 0.168294 0.241933 0.0252716 0.0472008
6 0.768596 0.104254 0.0492563 0.0853055
21 0.21104 0.326966 0.0187427 0.0355662
6 0.413789 0.371051 0.0110629 0.0192034
81 0.812391 0.0512062 0.0507191 0.0838838
46 0.582734 0.348207 0.0108261 0.0192625
81 0.211627 0.289157 0.0187547 0.0392542
6 0.170666 0.302434 0.00967009 0.0267186
25 0.582402 0.388122 0.0101702 0.0172416
6 0.168294 0.241933 0.0252716 0.0472008
6 0.768596 0.104254 0.0492563 0.0853055
21 0.21104 0.326966 0.0187427 0.0355662
6 0.413789 0.371051 0.0110629 0.0192034
81 0.812391 0.0512062 0.0507191 0.0838838
46 0.582734 0.348207 0.0108261 0.0192625
81 0.211627 0.289157 0.0187547 0.0392542
6 0.170666 0.302434 0.00967009 0.0267186
25 0.582402 0.388122 0.0101702 0.0172416
