6 0.168251 0.241913 0.0251614 0.0467726
6 0.768586 0.104245 0.0492146 0.0853697
21 0.211062 0.327029 0.0188186 0.0356411
6 0.413835 0.371038 0.0110625 0.0192595
46 0.582738 0.348195 0.0107859 0.019282
81 0.812335 0.0511923 0.0507753 0.0839138
81 0.211722 0.289239 0.0189928 0.0393874
6 0.170619 0.302099 0.00966887 0.0267512
6 0.168251 0.241913 0.0251614 0.0467726
6 0.768586 0.104245 0.0492146 0.0853697
21 0.211062 0.327029 0.0188186 0.0356411
6 0.413835 0.371038 0.0110625 0.0192595
46 0.582738 0.348195 0.0107859 0.019282
81 0.812335 0.0511923 0.0507753 0.0839138
81 0.211722 0.289239 0.0189928 0.0393874
6 0.170619 0.302099 0.00966887 0.0267512
