6 0.16826 0.241913 0.0251686 0.0468487
6 0.768559 0.104242 0.0492975 0.0853909
21 0.211064 0.327033 0.0188742 0.035693
6 0.413746 0.371057 0.0109136 0.0194242
46 0.582733 0.348184 0.0108039 0.019284
81 0.812312 0.051193 0.0507105 0.0838913
81 0.211704 0.289192 0.0189135 0.0392679
6 0.170622 0.302296 0.00969422 0.0267462
6 0.16826 0.241913 0.0251686 0.0468487
6 0.768559 0.104242 0.0492975 0.0853909
21 0.211064 0.327033 0.0188742 0.035693
6 0.413746 0.371057 0.0109136 0.0194242
46 0.582733 0.348184 0.0108039 0.019284
81 0.812312 0.051193 0.0507105 0.0838913
81 0.211704 0.289192 0.0189135 0.0392679
6 0.170622 0.302296 0.00969422 0.0267462
