81 0.76824 0.102788 0.0450209 0.0746532
6 0.738182 0.144436 0.0468307 0.0802226
6 0.183971 0.266331 0.0237662 0.0449421
21 0.225394 0.347808 0.0183048 0.0344467
0 0.765041 0.0331242 0.0578913 0.0662485
6 0.415086 0.3857 0.0104424 0.0177931
81 0.225321 0.311552 0.0183842 0.0377833
46 0.579119 0.361624 0.0107311 0.0192813
81 0.76824 0.102788 0.0450209 0.0746532
6 0.738182 0.144436 0.0468307 0.0802226
6 0.183971 0.266331 0.0237662 0.0449421
21 0.225394 0.347808 0.0183048 0.0344467
0 0.765041 0.0331242 0.0578913 0.0662485
6 0.415086 0.3857 0.0104424 0.0177931
81 0.225321 0.311552 0.0183842 0.0377833
46 0.579119 0.361624 0.0107311 0.0192813
