81 0.776837 0.0890051 0.0464739 0.0771592
6 0.74355 0.133433 0.0480985 0.0826221
6 0.178829 0.263257 0.0243855 0.0456615
21 0.220973 0.345574 0.0179444 0.0352079
6 0.414311 0.382741 0.0109192 0.0189668
81 0.221218 0.308154 0.0187545 0.037527
46 0.579358 0.357979 0.0106377 0.0191856
81 0.776837 0.0890051 0.0464739 0.0771592
6 0.74355 0.133433 0.0480985 0.0826221
6 0.178829 0.263257 0.0243855 0.0456615
21 0.220973 0.345574 0.0179444 0.0352079
6 0.414311 0.382741 0.0109192 0.0189668
81 0.221218 0.308154 0.0187545 0.037527
46 0.579358 0.357979 0.0106377 0.0191856
