6 0.168316 0.241857 0.0252349 0.0472758
6 0.768616 0.104246 0.0492735 0.0850952
21 0.211007 0.327021 0.0187096 0.0354741
6 0.413859 0.371108 0.0110136 0.0191099
81 0.812361 0.0512127 0.0507782 0.0839047
46 0.582702 0.34815 0.0107166 0.0192459
81 0.211671 0.28917 0.0188165 0.0392806
6 0.17048 0.302376 0.00990474 0.0263089
6 0.168316 0.241857 0.0252349 0.0472758
6 0.768616 0.104246 0.0492735 0.0850952
21 0.211007 0.327021 0.0187096 0.0354741
6 0.413859 0.371108 0.0110136 0.0191099
81 0.812361 0.0512127 0.0507782 0.0839047
46 0.582702 0.34815 0.0107166 0.0192459
81 0.211671 0.28917 0.0188165 0.0392806
6 0.17048 0.302376 0.00990474 0.0263089
