6 0.168202 0.241901 0.0251208 0.0468699
6 0.768579 0.104241 0.0493549 0.0851374
21 0.211007 0.327221 0.018572 0.0359838
81 0.812405 0.0511728 0.0507812 0.0841506
6 0.413907 0.371122 0.0109265 0.0187985
46 0.582804 0.348124 0.0107973 0.0193845
81 0.211607 0.289308 0.0192688 0.0393106
6 0.168202 0.241901 0.0251208 0.0468699
6 0.768579 0.104241 0.0493549 0.0851374
21 0.211007 0.327221 0.018572 0.0359838
81 0.812405 0.0511728 0.0507812 0.0841506
6 0.413907 0.371122 0.0109265 0.0187985
46 0.582804 0.348124 0.0107973 0.0193845
81 0.211607 0.289308 0.0192688 0.0393106
