81 0.75541 0.115789 0.0434305 0.0730707
0 0.752354 0.0398497 0.0564583 0.0796993
6 0.189058 0.268987 0.0235377 0.0446534
6 0.729019 0.154911 0.0449615 0.0779374
21 0.230059 0.348875 0.017597 0.0342647
6 0.41541 0.385713 0.0104531 0.0175621
81 0.230019 0.313368 0.0179767 0.0366574
81 0.75541 0.115789 0.0434305 0.0730707
0 0.752354 0.0398497 0.0564583 0.0796993
6 0.189058 0.268987 0.0235377 0.0446534
6 0.729019 0.154911 0.0449615 0.0779374
21 0.230059 0.348875 0.017597 0.0342647
6 0.41541 0.385713 0.0104531 0.0175621
81 0.230019 0.313368 0.0179767 0.0366574
