6 0.168232 0.24159 0.0251902 0.0471917
6 0.768743 0.104496 0.0497791 0.0857832
21 0.210951 0.326914 0.0188263 0.0362759
81 0.813029 0.0508382 0.0502285 0.0831607
6 0.413757 0.37099 0.0108782 0.0187329
46 0.582818 0.348136 0.010948 0.019931
81 0.211476 0.289128 0.0192206 0.0399123
6 0.168232 0.24159 0.0251902 0.0471917
6 0.768743 0.104496 0.0497791 0.0857832
21 0.210951 0.326914 0.0188263 0.0362759
81 0.813029 0.0508382 0.0502285 0.0831607
6 0.413757 0.37099 0.0108782 0.0187329
46 0.582818 0.348136 0.010948 0.019931
81 0.211476 0.289128 0.0192206 0.0399123
