6 0.168286 0.241843 0.0252342 0.0472642
6 0.768599 0.104276 0.04948 0.0853183
21 0.211007 0.327004 0.0186215 0.035311
81 0.812413 0.0512358 0.0507759 0.0840775
6 0.413856 0.371173 0.011002 0.0190313
46 0.582713 0.34805 0.0108658 0.0195114
81 0.211639 0.289203 0.0189749 0.0393879
6 0.170555 0.302862 0.00939445 0.0263794
25 0.582469 0.388179 0.0102446 0.0172986
6 0.168286 0.241843 0.0252342 0.0472642
6 0.768599 0.104276 0.04948 0.0853183
21 0.211007 0.327004 0.0186215 0.035311
81 0.812413 0.0512358 0.0507759 0.0840775
6 0.413856 0.371173 0.011002 0.0190313
46 0.582713 0.34805 0.0108658 0.0195114
81 0.211639 0.289203 0.0189749 0.0393879
6 0.170555 0.302862 0.00939445 0.0263794
25 0.582469 0.388179 0.0102446 0.0172986
