6 0.168242 0.241902 0.0252157 0.0468877
6 0.768562 0.104179 0.0492714 0.0853381
21 0.211077 0.327005 0.0188707 0.035648
6 0.413755 0.371052 0.0108637 0.0193587
81 0.812319 0.0511915 0.0507071 0.0838857
46 0.582713 0.348202 0.0107882 0.0192411
81 0.211722 0.289184 0.0189199 0.0392254
25 0.582503 0.388101 0.0101419 0.0171162
6 0.170683 0.302059 0.00968351 0.0263322
6 0.168242 0.241902 0.0252157 0.0468877
6 0.768562 0.104179 0.0492714 0.0853381
21 0.211077 0.327005 0.0188707 0.035648
6 0.413755 0.371052 0.0108637 0.0193587
81 0.812319 0.0511915 0.0507071 0.0838857
46 0.582713 0.348202 0.0107882 0.0192411
81 0.211722 0.289184 0.0189199 0.0392254
25 0.582503 0.388101 0.0101419 0.0171162
6 0.170683 0.302059 0.00968351 0.0263322
