0 0.625785 0.218025 0.0303388 0.0535753
6 0.437842 0.096985 0.0290607 0.0485351
81 0.62664 0.266992 0.0259621 0.046233
6 0.263752 0.314032 0.0177722 0.0330763
6 0.0587575 0.35931 0.0171438 0.0373053
6 0.0878898 0.358881 0.0138535 0.0471872
39 0.811692 0.357157 0.0264205 0.0594993
6 0.425228 0.395671 0.0101471 0.0179473
21 0.295473 0.37474 0.0132231 0.0239936
0 0.625785 0.218025 0.0303388 0.0535753
6 0.437842 0.096985 0.0290607 0.0485351
81 0.62664 0.266992 0.0259621 0.046233
6 0.263752 0.314032 0.0177722 0.0330763
6 0.0587575 0.35931 0.0171438 0.0373053
6 0.0878898 0.358881 0.0138535 0.0471872
39 0.811692 0.357157 0.0264205 0.0594993
6 0.425228 0.395671 0.0101471 0.0179473
21 0.295473 0.37474 0.0132231 0.0239936
