0 0.658246 0.166538 0.0379223 0.0644924
81 0.658143 0.226999 0.0329658 0.0590548
6 0.431874 0.0370809 0.0329985 0.0537984
6 0.242104 0.302182 0.0195311 0.0371974
6 0.0173391 0.360614 0.0190434 0.0417905
21 0.27754 0.3685 0.0144383 0.0253077
6 0.424076 0.392173 0.0101131 0.0175242
6 0.0369015 0.357846 0.0119406 0.0505791
0 0.658246 0.166538 0.0379223 0.0644924
81 0.658143 0.226999 0.0329658 0.0590548
6 0.431874 0.0370809 0.0329985 0.0537984
6 0.242104 0.302182 0.0195311 0.0371974
6 0.0173391 0.360614 0.0190434 0.0417905
21 0.27754 0.3685 0.0144383 0.0253077
6 0.424076 0.392173 0.0101131 0.0175242
6 0.0369015 0.357846 0.0119406 0.0505791
