0 0.732028 0.0687022 0.0527113 0.0866872
81 0.735209 0.144951 0.0404003 0.0682166
6 0.713101 0.175486 0.0398825 0.0719581
6 0.200091 0.278284 0.0227946 0.043122
21 0.240065 0.355732 0.017172 0.0323027
6 0.417857 0.390602 0.0104975 0.0186254
81 0.239664 0.321088 0.0174489 0.0342607
0 0.732028 0.0687022 0.0527113 0.0866872
81 0.735209 0.144951 0.0404003 0.0682166
6 0.713101 0.175486 0.0398825 0.0719581
6 0.200091 0.278284 0.0227946 0.043122
21 0.240065 0.355732 0.017172 0.0323027
6 0.417857 0.390602 0.0104975 0.0186254
81 0.239664 0.321088 0.0174489 0.0342607
