0 0.684326 0.136862 0.0428871 0.0735042
81 0.685344 0.201031 0.034663 0.0565533
6 0.226578 0.298375 0.020505 0.0386851
21 0.263753 0.368788 0.0152617 0.0285653
6 0.00373347 0.357716 0.00746695 0.0540134
6 0.422223 0.396347 0.0098773 0.0167959
81 0.263671 0.337718 0.0160469 0.0318061
0 0.684326 0.136862 0.0428871 0.0735042
81 0.685344 0.201031 0.034663 0.0565533
6 0.226578 0.298375 0.020505 0.0386851
21 0.263753 0.368788 0.0152617 0.0285653
6 0.00373347 0.357716 0.00746695 0.0540134
6 0.422223 0.396347 0.0098773 0.0167959
81 0.263671 0.337718 0.0160469 0.0318061
