6 0.168209 0.241923 0.0251386 0.0468132
6 0.768587 0.104245 0.049341 0.0851343
21 0.211006 0.327228 0.0185629 0.0359578
81 0.812402 0.0511802 0.0507728 0.0841465
6 0.413892 0.37113 0.0109182 0.0187919
46 0.582809 0.348149 0.0107874 0.0193385
81 0.211603 0.289304 0.0192857 0.039295
6 0.168209 0.241923 0.0251386 0.0468132
6 0.768587 0.104245 0.049341 0.0851343
21 0.211006 0.327228 0.0185629 0.0359578
81 0.812402 0.0511802 0.0507728 0.0841465
6 0.413892 0.37113 0.0109182 0.0187919
46 0.582809 0.348149 0.0107874 0.0193385
81 0.211603 0.289304 0.0192857 0.039295
