0 0.613736 0.236019 0.0286446 0.0501752
6 0.44091 0.121049 0.0262062 0.0448016
81 0.614845 0.280828 0.0247267 0.0424669
6 0.274286 0.319009 0.016621 0.0316417
6 0.0793539 0.360181 0.0165413 0.0343118
6 0.111509 0.36095 0.0136802 0.0436332
21 0.305392 0.377708 0.0127679 0.0224137
6 0.427072 0.396552 0.00949116 0.0162981
0 0.613736 0.236019 0.0286446 0.0501752
6 0.44091 0.121049 0.0262062 0.0448016
81 0.614845 0.280828 0.0247267 0.0424669
6 0.274286 0.319009 0.016621 0.0316417
6 0.0793539 0.360181 0.0165413 0.0343118
6 0.111509 0.36095 0.0136802 0.0436332
21 0.305392 0.377708 0.0127679 0.0224137
6 0.427072 0.396552 0.00949116 0.0162981
