6 0.762768 0.105286 0.0490759 0.0840618
81 0.804695 0.052838 0.0508795 0.0826118
6 0.168971 0.243111 0.0248847 0.0466228
21 0.21199 0.327254 0.0182134 0.0364081
6 0.412665 0.369413 0.0107464 0.0188772
81 0.212064 0.289292 0.0188665 0.0395641
46 0.581083 0.345289 0.0116088 0.0201052
6 0.762768 0.105286 0.0490759 0.0840618
81 0.804695 0.052838 0.0508795 0.0826118
6 0.168971 0.243111 0.0248847 0.0466228
21 0.21199 0.327254 0.0182134 0.0364081
6 0.412665 0.369413 0.0107464 0.0188772
81 0.212064 0.289292 0.0188665 0.0395641
46 0.581083 0.345289 0.0116088 0.0201052
