81 0.605528 0.296678 0.0235266 0.03707
0 0.603953 0.255847 0.0254679 0.044707
6 0.446123 0.147726 0.0239141 0.0416667
28 0.0555224 0.26244 0.0196043 0.0464603
6 0.10248 0.364873 0.0155438 0.0332681
6 0.287568 0.327925 0.0155189 0.0293701
6 0.13767 0.366433 0.0140408 0.040329
39 0.759502 0.370335 0.0225754 0.04558
81 0.316622 0.358724 0.0118649 0.023779
81 0.605528 0.296678 0.0235266 0.03707
0 0.603953 0.255847 0.0254679 0.044707
6 0.446123 0.147726 0.0239141 0.0416667
28 0.0555224 0.26244 0.0196043 0.0464603
6 0.10248 0.364873 0.0155438 0.0332681
6 0.287568 0.327925 0.0155189 0.0293701
6 0.13767 0.366433 0.0140408 0.040329
39 0.759502 0.370335 0.0225754 0.04558
81 0.316622 0.358724 0.0118649 0.023779
