81 0.759776 0.112119 0.0436699 0.0743323
21 0.228521 0.348265 0.0176697 0.034371
0 0.7569 0.0382935 0.0561769 0.076587
6 0.732237 0.150547 0.0455441 0.0781822
6 0.187193 0.267853 0.0238042 0.0447745
6 0.415025 0.385834 0.0104481 0.017762
81 0.228174 0.312275 0.0185071 0.0365399
81 0.759776 0.112119 0.0436699 0.0743323
21 0.228521 0.348265 0.0176697 0.034371
0 0.7569 0.0382935 0.0561769 0.076587
6 0.732237 0.150547 0.0455441 0.0781822
6 0.187193 0.267853 0.0238042 0.0447745
6 0.415025 0.385834 0.0104481 0.017762
81 0.228174 0.312275 0.0185071 0.0365399
