6 0.168275 0.2419 0.0251396 0.0467657
6 0.768607 0.104223 0.0491415 0.085238
21 0.211055 0.327048 0.0188015 0.0356084
6 0.413769 0.371083 0.0109514 0.019439
81 0.81237 0.0512434 0.0506912 0.083973
46 0.58272 0.348186 0.0107695 0.0192634
81 0.211743 0.289283 0.0189702 0.0394185
6 0.168275 0.2419 0.0251396 0.0467657
6 0.768607 0.104223 0.0491415 0.085238
21 0.211055 0.327048 0.0188015 0.0356084
6 0.413769 0.371083 0.0109514 0.019439
81 0.81237 0.0512434 0.0506912 0.083973
46 0.58272 0.348186 0.0107695 0.0192634
81 0.211743 0.289283 0.0189702 0.0394185
