6 0.168307 0.243674 0.0251172 0.0472053
6 0.768618 0.10564 0.0494514 0.0849917
81 0.812231 0.0524947 0.0507354 0.0845153
21 0.211187 0.328671 0.0188241 0.0358627
6 0.413808 0.372451 0.0110453 0.0181173
46 0.583079 0.349292 0.0104141 0.0191617
25 0.582518 0.389892 0.0106117 0.0194996
6 0.168307 0.243674 0.0251172 0.0472053
6 0.768618 0.10564 0.0494514 0.0849917
81 0.812231 0.0524947 0.0507354 0.0845153
21 0.211187 0.328671 0.0188241 0.0358627
6 0.413808 0.372451 0.0110453 0.0181173
46 0.583079 0.349292 0.0104141 0.0191617
25 0.582518 0.389892 0.0106117 0.0194996
