0 0.598748 0.265616 0.0247804 0.0428458
6 0.448013 0.161003 0.023645 0.0399973
6 0.294065 0.332743 0.0154367 0.0292563
6 0.11486 0.367572 0.0150643 0.0304379
6 0.151553 0.371089 0.0134131 0.0353215
81 0.600031 0.304007 0.022316 0.0351741
81 0.32265 0.362554 0.011306 0.0227551
28 0.0779865 0.270883 0.0184708 0.0430594
0 0.598748 0.265616 0.0247804 0.0428458
6 0.448013 0.161003 0.023645 0.0399973
6 0.294065 0.332743 0.0154367 0.0292563
6 0.11486 0.367572 0.0150643 0.0304379
6 0.151553 0.371089 0.0134131 0.0353215
81 0.600031 0.304007 0.022316 0.0351741
81 0.32265 0.362554 0.011306 0.0227551
28 0.0779865 0.270883 0.0184708 0.0430594
