6 0.168188 0.241953 0.0251502 0.0471907
6 0.768661 0.104267 0.0496582 0.0855915
21 0.211043 0.327121 0.0185834 0.0359628
46 0.582857 0.348081 0.0107986 0.019584
81 0.812325 0.0512165 0.050729 0.0839957
6 0.413836 0.371107 0.0109798 0.0188904
81 0.211528 0.289244 0.0191172 0.0393494
6 0.168188 0.241953 0.0251502 0.0471907
6 0.768661 0.104267 0.0496582 0.0855915
21 0.211043 0.327121 0.0185834 0.0359628
46 0.582857 0.348081 0.0107986 0.019584
81 0.812325 0.0512165 0.050729 0.0839957
6 0.413836 0.371107 0.0109798 0.0188904
81 0.211528 0.289244 0.0191172 0.0393494
