6 0.168196 0.241903 0.0250888 0.0468247
6 0.768581 0.104244 0.0493694 0.0851494
21 0.211001 0.327223 0.0185752 0.0359828
81 0.812402 0.0511725 0.0507807 0.0841393
6 0.413901 0.37113 0.0109383 0.0188272
46 0.582811 0.348136 0.0107716 0.0193267
81 0.211601 0.289303 0.0192845 0.0393128
6 0.168196 0.241903 0.0250888 0.0468247
6 0.768581 0.104244 0.0493694 0.0851494
21 0.211001 0.327223 0.0185752 0.0359828
81 0.812402 0.0511725 0.0507807 0.0841393
6 0.413901 0.37113 0.0109383 0.0188272
46 0.582811 0.348136 0.0107716 0.0193267
81 0.211601 0.289303 0.0192845 0.0393128
