31 0.926536 0.0621946 0.0535185 0.105646
34 0.93744 0.174732 0.0509975 0.102924
0 0.569867 0.313166 0.0186346 0.0324334
81 0.570033 0.34238 0.0148257 0.0244476
6 0.457834 0.228789 0.0173494 0.030153
6 0.224404 0.387023 0.0125772 0.0299249
28 0.664464 0.147376 0.028137 0.0491926
6 0.330391 0.354544 0.0117164 0.0221104
39 0.677499 0.391446 0.015627 0.0304799
6 0.183918 0.38284 0.0106148 0.0239302
31 0.926536 0.0621946 0.0535185 0.105646
34 0.93744 0.174732 0.0509975 0.102924
0 0.569867 0.313166 0.0186346 0.0324334
81 0.570033 0.34238 0.0148257 0.0244476
6 0.457834 0.228789 0.0173494 0.030153
6 0.224404 0.387023 0.0125772 0.0299249
28 0.664464 0.147376 0.028137 0.0491926
6 0.330391 0.354544 0.0117164 0.0221104
39 0.677499 0.391446 0.015627 0.0304799
6 0.183918 0.38284 0.0106148 0.0239302
