0 0.638202 0.198205 0.0337937 0.0551888
6 0.435828 0.0736917 0.0304696 0.0509187
6 0.0429494 0.357534 0.0181941 0.0392824
81 0.63812 0.251301 0.0283934 0.052388
6 0.255732 0.307946 0.01849 0.0348705
21 0.288953 0.370599 0.0135941 0.0236786
6 0.0687445 0.356165 0.0140739 0.0475483
6 0.425143 0.39301 0.0099968 0.0176322
0 0.638202 0.198205 0.0337937 0.0551888
6 0.435828 0.0736917 0.0304696 0.0509187
6 0.0429494 0.357534 0.0181941 0.0392824
81 0.63812 0.251301 0.0283934 0.052388
6 0.255732 0.307946 0.01849 0.0348705
21 0.288953 0.370599 0.0135941 0.0236786
6 0.0687445 0.356165 0.0140739 0.0475483
6 0.425143 0.39301 0.0099968 0.0176322
