6 0.1682 0.241965 0.0251603 0.0470818
6 0.768682 0.104276 0.0495817 0.0855084
21 0.211012 0.32708 0.0185867 0.0357642
81 0.812378 0.0512429 0.0507421 0.0840844
6 0.413819 0.371122 0.0107823 0.018896
46 0.582848 0.348046 0.0107897 0.0196335
81 0.211539 0.289244 0.0191235 0.0392344
6 0.1682 0.241965 0.0251603 0.0470818
6 0.768682 0.104276 0.0495817 0.0855084
21 0.211012 0.32708 0.0185867 0.0357642
81 0.812378 0.0512429 0.0507421 0.0840844
6 0.413819 0.371122 0.0107823 0.018896
46 0.582848 0.348046 0.0107897 0.0196335
81 0.211539 0.289244 0.0191235 0.0392344
