6 0.168323 0.241895 0.0252253 0.0472372
6 0.768593 0.104252 0.049242 0.0852429
21 0.211026 0.32697 0.0187569 0.0355849
6 0.413821 0.371038 0.0110222 0.019067
81 0.812366 0.0511841 0.0507134 0.0838075
46 0.582744 0.348194 0.010832 0.0192145
81 0.211665 0.289198 0.0188733 0.039307
6 0.170562 0.302263 0.00965025 0.0259259
6 0.168323 0.241895 0.0252253 0.0472372
6 0.768593 0.104252 0.049242 0.0852429
21 0.211026 0.32697 0.0187569 0.0355849
6 0.413821 0.371038 0.0110222 0.019067
81 0.812366 0.0511841 0.0507134 0.0838075
46 0.582744 0.348194 0.010832 0.0192145
81 0.211665 0.289198 0.0188733 0.039307
6 0.170562 0.302263 0.00965025 0.0259259
