6 0.434211 0.0542771 0.0318646 0.0530423
0 0.650461 0.181956 0.03519 0.0601504
6 0.248251 0.305531 0.0190939 0.0353728
6 0.0284529 0.35964 0.0188998 0.0398305
81 0.649766 0.239585 0.0304405 0.0563435
21 0.282864 0.370337 0.0140732 0.0246046
6 0.425197 0.394494 0.010105 0.017857
39 0.863836 0.342348 0.0296356 0.0671174
6 0.0509481 0.357729 0.0130648 0.048123
6 0.434211 0.0542771 0.0318646 0.0530423
0 0.650461 0.181956 0.03519 0.0601504
6 0.248251 0.305531 0.0190939 0.0353728
6 0.0284529 0.35964 0.0188998 0.0398305
81 0.649766 0.239585 0.0304405 0.0563435
21 0.282864 0.370337 0.0140732 0.0246046
6 0.425197 0.394494 0.010105 0.017857
39 0.863836 0.342348 0.0296356 0.0671174
6 0.0509481 0.357729 0.0130648 0.048123
