31 0.799121 0.161096 0.0421688 0.0781306
0 0.559631 0.330843 0.0162936 0.0277481
6 0.458013 0.25219 0.0153323 0.0271179
6 0.204125 0.390147 0.0126322 0.0252235
6 0.244153 0.39603 0.0113558 0.0250819
28 0.631567 0.199019 0.0230373 0.0417839
6 0.339326 0.365949 0.0115913 0.0219554
34 0.802771 0.240307 0.0413227 0.0787988
81 0.360949 0.389787 0.0101925 0.0193323
31 0.799121 0.161096 0.0421688 0.0781306
0 0.559631 0.330843 0.0162936 0.0277481
6 0.458013 0.25219 0.0153323 0.0271179
6 0.204125 0.390147 0.0126322 0.0252235
6 0.244153 0.39603 0.0113558 0.0250819
28 0.631567 0.199019 0.0230373 0.0417839
6 0.339326 0.365949 0.0115913 0.0219554
34 0.802771 0.240307 0.0413227 0.0787988
81 0.360949 0.389787 0.0101925 0.0193323
