31 0.788556 0.168042 0.0412694 0.0763782
34 0.792565 0.247301 0.0400549 0.0759263
0 0.558881 0.332364 0.0170395 0.0287793
6 0.457956 0.254983 0.0153147 0.0273262
6 0.206048 0.391791 0.0118169 0.0248649
6 0.340605 0.366769 0.011779 0.0213103
6 0.24583 0.398355 0.0117886 0.0272295
81 0.558094 0.358283 0.0121972 0.0218989
28 0.220904 0.336268 0.0146097 0.0269435
81 0.361677 0.390935 0.0102416 0.0187338
31 0.788556 0.168042 0.0412694 0.0763782
34 0.792565 0.247301 0.0400549 0.0759263
0 0.558881 0.332364 0.0170395 0.0287793
6 0.457956 0.254983 0.0153147 0.0273262
6 0.206048 0.391791 0.0118169 0.0248649
6 0.340605 0.366769 0.011779 0.0213103
6 0.24583 0.398355 0.0117886 0.0272295
81 0.558094 0.358283 0.0121972 0.0218989
28 0.220904 0.336268 0.0146097 0.0269435
81 0.361677 0.390935 0.0102416 0.0187338
