46 0.9321 0.380472 0.0172768 0.0391348
6 0.498567 0.310077 0.0141174 0.0253546
6 0.41227 0.410926 0.0125359 0.0224514
12 0.578493 0.363604 0.0114319 0.0252099
12 0.41292 0.390612 0.0113619 0.0175862
25 0.381817 0.363406 0.0152641 0.0287682
25 0.932355 0.441697 0.0107117 0.0225015
46 0.9321 0.380472 0.0172768 0.0391348
6 0.498567 0.310077 0.0141174 0.0253546
6 0.41227 0.410926 0.0125359 0.0224514
12 0.578493 0.363604 0.0114319 0.0252099
12 0.41292 0.390612 0.0113619 0.0175862
25 0.381817 0.363406 0.0152641 0.0287682
25 0.932355 0.441697 0.0107117 0.0225015
