0 0.706153 0.102328 0.0462809 0.0785036
81 0.709186 0.171524 0.035408 0.0614785
6 0.214289 0.284233 0.0220746 0.0408356
21 0.253293 0.357435 0.016433 0.0295776
81 0.252516 0.325087 0.0168995 0.0327429
6 0.420373 0.389586 0.0106703 0.0190132
46 0.575651 0.368042 0.0106552 0.0180149
6 0.691686 0.195461 0.0333321 0.065741
0 0.706153 0.102328 0.0462809 0.0785036
81 0.709186 0.171524 0.035408 0.0614785
6 0.214289 0.284233 0.0220746 0.0408356
21 0.253293 0.357435 0.016433 0.0295776
81 0.252516 0.325087 0.0168995 0.0327429
6 0.420373 0.389586 0.0106703 0.0190132
46 0.575651 0.368042 0.0106552 0.0180149
6 0.691686 0.195461 0.0333321 0.065741
