6 0.504349 0.324185 0.0128853 0.0232573
6 0.422565 0.41861 0.0133135 0.0230252
12 0.962106 0.230633 0.0218971 0.0550624
6 0.99257 0.338993 0.0122952 0.0270807
12 0.579284 0.373819 0.010947 0.0220944
6 0.997268 0.428834 0.0054636 0.027437
46 0.893803 0.386904 0.0163486 0.0353992
6 0.504349 0.324185 0.0128853 0.0232573
6 0.422565 0.41861 0.0133135 0.0230252
12 0.962106 0.230633 0.0218971 0.0550624
6 0.99257 0.338993 0.0122952 0.0270807
12 0.579284 0.373819 0.010947 0.0220944
6 0.997268 0.428834 0.0054636 0.027437
46 0.893803 0.386904 0.0163486 0.0353992
