25 0.197968 0.228935 0.0324474 0.0583332
6 0.449495 0.201017 0.021874 0.0393061
6 0.322997 0.364596 0.0178794 0.0328187
25 0.794944 0.307225 0.0161003 0.0426236
12 0.570246 0.282836 0.0179808 0.0302196
6 0.643595 0.358839 0.00975742 0.017848
12 0.324463 0.334978 0.0145225 0.0227649
25 0.197968 0.228935 0.0324474 0.0583332
6 0.449495 0.201017 0.021874 0.0393061
6 0.322997 0.364596 0.0178794 0.0328187
25 0.794944 0.307225 0.0161003 0.0426236
12 0.570246 0.282836 0.0179808 0.0302196
6 0.643595 0.358839 0.00975742 0.017848
12 0.324463 0.334978 0.0145225 0.0227649
