6 0.168304 0.24189 0.0252674 0.0472756
6 0.768632 0.104263 0.0492973 0.0851713
21 0.210998 0.32701 0.018741 0.0354704
6 0.413839 0.371099 0.0110225 0.0190874
81 0.81234 0.0512381 0.05079 0.0838914
46 0.582703 0.348152 0.0107295 0.0192562
81 0.21167 0.289177 0.0187989 0.0392929
6 0.170573 0.302375 0.00964243 0.0258977
25 0.58244 0.388034 0.0102298 0.0171973
6 0.168304 0.24189 0.0252674 0.0472756
6 0.768632 0.104263 0.0492973 0.0851713
21 0.210998 0.32701 0.018741 0.0354704
6 0.413839 0.371099 0.0110225 0.0190874
81 0.81234 0.0512381 0.05079 0.0838914
46 0.582703 0.348152 0.0107295 0.0192562
81 0.21167 0.289177 0.0187989 0.0392929
6 0.170573 0.302375 0.00964243 0.0258977
25 0.58244 0.388034 0.0102298 0.0171973
