6 0.506281 0.327419 0.0132135 0.0233108
46 0.878921 0.386666 0.0144344 0.0337023
6 0.991381 0.425708 0.0129814 0.0248256
12 0.933528 0.240502 0.0218775 0.0518211
6 0.426692 0.419964 0.0122793 0.021445
12 0.579091 0.375069 0.0102577 0.0183665
25 0.879091 0.43815 0.0103098 0.0213097
6 0.982117 0.335488 0.00995312 0.0239134
12 0.427324 0.399225 0.012764 0.0216973
127 0.931137 0.203203 0.0237974 0.0241225
6 0.506281 0.327419 0.0132135 0.0233108
46 0.878921 0.386666 0.0144344 0.0337023
6 0.991381 0.425708 0.0129814 0.0248256
12 0.933528 0.240502 0.0218775 0.0518211
6 0.426692 0.419964 0.0122793 0.021445
12 0.579091 0.375069 0.0102577 0.0183665
25 0.879091 0.43815 0.0103098 0.0213097
6 0.982117 0.335488 0.00995312 0.0239134
12 0.427324 0.399225 0.012764 0.0216973
127 0.931137 0.203203 0.0237974 0.0241225
