0 0.652663 0.178354 0.0360399 0.0613194
6 0.433821 0.0503939 0.0323845 0.0529393
81 0.652257 0.235584 0.0311678 0.0560457
6 0.0258439 0.361597 0.0190105 0.0405665
6 0.24719 0.305638 0.0191358 0.0352941
21 0.281752 0.370809 0.0143478 0.0267873
6 0.425161 0.394358 0.0100763 0.0178229
6 0.0479544 0.357634 0.0121234 0.049545
0 0.652663 0.178354 0.0360399 0.0613194
6 0.433821 0.0503939 0.0323845 0.0529393
81 0.652257 0.235584 0.0311678 0.0560457
6 0.0258439 0.361597 0.0190105 0.0405665
6 0.24719 0.305638 0.0191358 0.0352941
21 0.281752 0.370809 0.0143478 0.0267873
6 0.425161 0.394358 0.0100763 0.0178229
6 0.0479544 0.357634 0.0121234 0.049545
