6 0.168288 0.241923 0.0253027 0.0472529
6 0.768607 0.104205 0.0492311 0.0853448
21 0.211046 0.326966 0.01877 0.0355665
6 0.413808 0.371071 0.011071 0.0191916
81 0.812389 0.0512247 0.0507206 0.0838936
46 0.582726 0.34823 0.0108089 0.019265
81 0.211633 0.289169 0.0187813 0.0392465
6 0.17059 0.302503 0.00985556 0.0267621
25 0.582376 0.388161 0.010182 0.017269
6 0.168288 0.241923 0.0253027 0.0472529
6 0.768607 0.104205 0.0492311 0.0853448
21 0.211046 0.326966 0.01877 0.0355665
6 0.413808 0.371071 0.011071 0.0191916
81 0.812389 0.0512247 0.0507206 0.0838936
46 0.582726 0.34823 0.0108089 0.019265
81 0.211633 0.289169 0.0187813 0.0392465
6 0.17059 0.302503 0.00985556 0.0267621
25 0.582376 0.388161 0.010182 0.017269
