81 0.653463 0.23502 0.0299774 0.0569343
0 0.654074 0.176747 0.0364915 0.0614514
6 0.433448 0.048454 0.0321388 0.0527412
6 0.0246394 0.361924 0.0192021 0.0414183
6 0.24634 0.305498 0.0196595 0.0358854
21 0.281461 0.370644 0.0141871 0.0265205
6 0.425153 0.394199 0.00991526 0.0175048
6 0.0465803 0.358516 0.0116951 0.0493874
81 0.653463 0.23502 0.0299774 0.0569343
0 0.654074 0.176747 0.0364915 0.0614514
6 0.433448 0.048454 0.0321388 0.0527412
6 0.0246394 0.361924 0.0192021 0.0414183
6 0.24634 0.305498 0.0196595 0.0358854
21 0.281461 0.370644 0.0141871 0.0265205
6 0.425153 0.394199 0.00991526 0.0175048
6 0.0465803 0.358516 0.0116951 0.0493874
