6 0.168299 0.241908 0.0252203 0.0472
6 0.768705 0.104234 0.0494158 0.0853983
21 0.21096 0.326987 0.0187173 0.0354669
6 0.413807 0.371126 0.0109566 0.0190385
81 0.812381 0.0511629 0.050761 0.0840647
46 0.582717 0.348153 0.0108396 0.0194901
81 0.211609 0.289155 0.0187896 0.0392915
6 0.170464 0.302278 0.00966921 0.0268404
25 0.582433 0.38809 0.0102333 0.0173068
6 0.168299 0.241908 0.0252203 0.0472
6 0.768705 0.104234 0.0494158 0.0853983
21 0.21096 0.326987 0.0187173 0.0354669
6 0.413807 0.371126 0.0109566 0.0190385
81 0.812381 0.0511629 0.050761 0.0840647
46 0.582717 0.348153 0.0108396 0.0194901
81 0.211609 0.289155 0.0187896 0.0392915
6 0.170464 0.302278 0.00966921 0.0268404
25 0.582433 0.38809 0.0102333 0.0173068
