0 0.577679 0.306335 0.0205509 0.0349997
28 0.163532 0.311727 0.0170311 0.034472
6 0.455981 0.217489 0.0188279 0.0331516
6 0.207117 0.389491 0.0131775 0.0320065
6 0.322118 0.355511 0.0121956 0.0233934
81 0.577857 0.337799 0.0152811 0.0280262
6 0.16751 0.384932 0.0130328 0.0281787
21 0.347083 0.401373 0.0108953 0.0187203
42 0.696248 0.104 0.0325433 0.0559537
0 0.577679 0.306335 0.0205509 0.0349997
28 0.163532 0.311727 0.0170311 0.034472
6 0.455981 0.217489 0.0188279 0.0331516
6 0.207117 0.389491 0.0131775 0.0320065
6 0.322118 0.355511 0.0121956 0.0233934
81 0.577857 0.337799 0.0152811 0.0280262
6 0.16751 0.384932 0.0130328 0.0281787
21 0.347083 0.401373 0.0108953 0.0187203
42 0.696248 0.104 0.0325433 0.0559537
