6 0.168296 0.241912 0.025215 0.0471919
6 0.768685 0.104229 0.0493423 0.0853928
21 0.210955 0.326967 0.0187374 0.0354203
6 0.413797 0.371114 0.0109446 0.0189945
81 0.812384 0.0511658 0.0507591 0.0840735
46 0.582726 0.348149 0.0108492 0.0194899
81 0.211612 0.289162 0.0187986 0.039323
6 0.17062 0.302239 0.00953195 0.0268471
25 0.582428 0.388084 0.0102644 0.017367
6 0.168296 0.241912 0.025215 0.0471919
6 0.768685 0.104229 0.0493423 0.0853928
21 0.210955 0.326967 0.0187374 0.0354203
6 0.413797 0.371114 0.0109446 0.0189945
81 0.812384 0.0511658 0.0507591 0.0840735
46 0.582726 0.348149 0.0108492 0.0194899
81 0.211612 0.289162 0.0187986 0.039323
6 0.17062 0.302239 0.00953195 0.0268471
25 0.582428 0.388084 0.0102644 0.017367
