6 0.168202 0.242 0.025196 0.0472033
6 0.768674 0.104296 0.0497573 0.085674
21 0.211039 0.327132 0.0186371 0.0360413
6 0.413701 0.371136 0.0107917 0.0188822
81 0.81239 0.0512031 0.0508186 0.084065
46 0.582782 0.348176 0.0108176 0.0196796
81 0.211493 0.289299 0.0190779 0.0393708
6 0.168202 0.242 0.025196 0.0472033
6 0.768674 0.104296 0.0497573 0.085674
21 0.211039 0.327132 0.0186371 0.0360413
6 0.413701 0.371136 0.0107917 0.0188822
81 0.81239 0.0512031 0.0508186 0.084065
46 0.582782 0.348176 0.0108176 0.0196796
81 0.211493 0.289299 0.0190779 0.0393708
