6 0.168286 0.241894 0.0252315 0.0472564
6 0.768697 0.104257 0.0493984 0.0853138
21 0.210976 0.326997 0.0187005 0.035457
6 0.413803 0.3711 0.0109949 0.0191372
81 0.812383 0.0512165 0.050765 0.0841392
46 0.58268 0.348123 0.0108586 0.019504
81 0.211594 0.289154 0.0186992 0.0392437
6 0.170405 0.302489 0.00964034 0.0265703
6 0.168286 0.241894 0.0252315 0.0472564
6 0.768697 0.104257 0.0493984 0.0853138
21 0.210976 0.326997 0.0187005 0.035457
6 0.413803 0.3711 0.0109949 0.0191372
81 0.812383 0.0512165 0.050765 0.0841392
46 0.58268 0.348123 0.0108586 0.019504
81 0.211594 0.289154 0.0186992 0.0392437
6 0.170405 0.302489 0.00964034 0.0265703
