46 0.887188 0.388997 0.0138264 0.0343908
6 0.50527 0.326809 0.0132664 0.0240746
12 0.948185 0.236051 0.0221123 0.0513509
127 0.945851 0.198912 0.023838 0.0265705
6 0.424928 0.420428 0.0120522 0.0215463
6 0.994929 0.428452 0.0100842 0.0248674
12 0.426236 0.40019 0.0119678 0.0204773
12 0.580505 0.375812 0.00986624 0.0183662
6 0.987357 0.337562 0.00973091 0.0219989
46 0.887188 0.388997 0.0138264 0.0343908
6 0.50527 0.326809 0.0132664 0.0240746
12 0.948185 0.236051 0.0221123 0.0513509
127 0.945851 0.198912 0.023838 0.0265705
6 0.424928 0.420428 0.0120522 0.0215463
6 0.994929 0.428452 0.0100842 0.0248674
12 0.426236 0.40019 0.0119678 0.0204773
12 0.580505 0.375812 0.00986624 0.0183662
6 0.987357 0.337562 0.00973091 0.0219989
