6 0.168264 0.241882 0.0251369 0.0467239
6 0.768592 0.104225 0.0492437 0.0853771
21 0.211061 0.327037 0.0187819 0.0356187
6 0.413831 0.371046 0.011058 0.0192986
46 0.582752 0.348187 0.0107724 0.0193055
81 0.812366 0.0512138 0.0507038 0.0839139
81 0.211727 0.289235 0.0189438 0.0393462
6 0.170581 0.302132 0.00987582 0.0270774
6 0.168264 0.241882 0.0251369 0.0467239
6 0.768592 0.104225 0.0492437 0.0853771
21 0.211061 0.327037 0.0187819 0.0356187
6 0.413831 0.371046 0.011058 0.0192986
46 0.582752 0.348187 0.0107724 0.0193055
81 0.812366 0.0512138 0.0507038 0.0839139
81 0.211727 0.289235 0.0189438 0.0393462
6 0.170581 0.302132 0.00987582 0.0270774
