6 0.168264 0.241931 0.0251875 0.046884
6 0.768574 0.10418 0.0493296 0.0855083
21 0.211035 0.326989 0.0188382 0.0356559
6 0.413776 0.371068 0.0108435 0.0193953
81 0.812332 0.0511883 0.0507313 0.0838785
46 0.582724 0.348204 0.0107898 0.0192546
81 0.211696 0.289155 0.0188829 0.0392394
25 0.582418 0.388261 0.0101933 0.0172472
6 0.170701 0.301998 0.00966287 0.0258595
6 0.168264 0.241931 0.0251875 0.046884
6 0.768574 0.10418 0.0493296 0.0855083
21 0.211035 0.326989 0.0188382 0.0356559
6 0.413776 0.371068 0.0108435 0.0193953
81 0.812332 0.0511883 0.0507313 0.0838785
46 0.582724 0.348204 0.0107898 0.0192546
81 0.211696 0.289155 0.0188829 0.0392394
25 0.582418 0.388261 0.0101933 0.0172472
6 0.170701 0.301998 0.00966287 0.0258595
