25 0.114595 0.182158 0.0403154 0.0765766
6 0.453835 0.187253 0.0246058 0.0427645
25 0.900241 0.289912 0.0233677 0.0529384
6 0.312991 0.379259 0.0208168 0.0379841
12 0.592244 0.280869 0.0218769 0.0357377
12 0.314237 0.344432 0.0155816 0.0253426
6 0.660603 0.376369 0.0101437 0.0177621
114 0.900136 0.333571 0.0225874 0.026235
25 0.114595 0.182158 0.0403154 0.0765766
6 0.453835 0.187253 0.0246058 0.0427645
25 0.900241 0.289912 0.0233677 0.0529384
6 0.312991 0.379259 0.0208168 0.0379841
12 0.592244 0.280869 0.0218769 0.0357377
12 0.314237 0.344432 0.0155816 0.0253426
6 0.660603 0.376369 0.0101437 0.0177621
114 0.900136 0.333571 0.0225874 0.026235
