0 0.630005 0.211491 0.0316814 0.0544429
81 0.63046 0.262807 0.0277695 0.0487259
81 0.293619 0.346709 0.0137725 0.0263944
6 0.437618 0.0899286 0.029159 0.0488045
6 0.261219 0.312051 0.0180046 0.0343578
6 0.0540948 0.35856 0.0180863 0.0371869
6 0.0821027 0.359006 0.013709 0.0487037
6 0.425366 0.395396 0.0101 0.0177316
0 0.630005 0.211491 0.0316814 0.0544429
81 0.63046 0.262807 0.0277695 0.0487259
81 0.293619 0.346709 0.0137725 0.0263944
6 0.437618 0.0899286 0.029159 0.0488045
6 0.261219 0.312051 0.0180046 0.0343578
6 0.0540948 0.35856 0.0180863 0.0371869
6 0.0821027 0.359006 0.013709 0.0487037
6 0.425366 0.395396 0.0101 0.0177316
