6 0.168235 0.241847 0.0251579 0.0469617
6 0.768609 0.104235 0.049479 0.085297
21 0.211004 0.327005 0.0186723 0.0355045
6 0.413833 0.371142 0.0110048 0.019064
81 0.812432 0.0512403 0.0507271 0.0841362
46 0.582703 0.348109 0.0108361 0.0194628
81 0.211537 0.289132 0.0188226 0.0393078
6 0.170343 0.303019 0.00962343 0.026215
25 0.582423 0.388249 0.010267 0.0173118
6 0.168235 0.241847 0.0251579 0.0469617
6 0.768609 0.104235 0.049479 0.085297
21 0.211004 0.327005 0.0186723 0.0355045
6 0.413833 0.371142 0.0110048 0.019064
81 0.812432 0.0512403 0.0507271 0.0841362
46 0.582703 0.348109 0.0108361 0.0194628
81 0.211537 0.289132 0.0188226 0.0393078
6 0.170343 0.303019 0.00962343 0.026215
25 0.582423 0.388249 0.010267 0.0173118
