6 0.168261 0.241933 0.0251694 0.0468708
6 0.768577 0.104185 0.0493221 0.0854552
21 0.211024 0.327004 0.0188468 0.0356988
6 0.413765 0.371037 0.010911 0.0195007
81 0.812325 0.0512077 0.0507406 0.0838966
46 0.58273 0.348204 0.010791 0.0192684
81 0.211693 0.289147 0.0188979 0.0392551
25 0.582448 0.388257 0.0101848 0.0172418
6 0.170739 0.302018 0.00964088 0.0266022
6 0.168261 0.241933 0.0251694 0.0468708
6 0.768577 0.104185 0.0493221 0.0854552
21 0.211024 0.327004 0.0188468 0.0356988
6 0.413765 0.371037 0.010911 0.0195007
81 0.812325 0.0512077 0.0507406 0.0838966
46 0.58273 0.348204 0.010791 0.0192684
81 0.211693 0.289147 0.0188979 0.0392551
25 0.582448 0.388257 0.0101848 0.0172418
6 0.170739 0.302018 0.00964088 0.0266022
