6 0.168245 0.241913 0.0251891 0.0469182
6 0.768557 0.104169 0.0492922 0.0854962
21 0.211028 0.326998 0.0188313 0.0356444
6 0.413769 0.371072 0.0108475 0.0194051
81 0.812339 0.0511879 0.0507477 0.083888
46 0.582726 0.348199 0.0107876 0.019251
81 0.21166 0.289158 0.0188545 0.0392264
25 0.582448 0.388263 0.010153 0.0172202
6 0.170608 0.302194 0.00982094 0.0269988
6 0.168245 0.241913 0.0251891 0.0469182
6 0.768557 0.104169 0.0492922 0.0854962
21 0.211028 0.326998 0.0188313 0.0356444
6 0.413769 0.371072 0.0108475 0.0194051
81 0.812339 0.0511879 0.0507477 0.083888
46 0.582726 0.348199 0.0107876 0.019251
81 0.21166 0.289158 0.0188545 0.0392264
25 0.582448 0.388263 0.010153 0.0172202
6 0.170608 0.302194 0.00982094 0.0269988
