6 0.168203 0.242006 0.0251717 0.0472033
6 0.768687 0.10432 0.0496874 0.0856611
21 0.211039 0.327134 0.0185732 0.035955
81 0.812376 0.0512722 0.0507906 0.0840886
6 0.413713 0.371107 0.0107994 0.0188478
46 0.582858 0.348129 0.0108233 0.0196303
81 0.211541 0.28927 0.0191367 0.0392594
6 0.168203 0.242006 0.0251717 0.0472033
6 0.768687 0.10432 0.0496874 0.0856611
21 0.211039 0.327134 0.0185732 0.035955
81 0.812376 0.0512722 0.0507906 0.0840886
6 0.413713 0.371107 0.0107994 0.0188478
46 0.582858 0.348129 0.0108233 0.0196303
81 0.211541 0.28927 0.0191367 0.0392594
