31 0.809158 0.150572 0.0427565 0.0819508
34 0.813236 0.234548 0.0422808 0.0822718
0 0.560848 0.32873 0.0167124 0.0285026
6 0.458071 0.249783 0.0158703 0.0283263
6 0.20216 0.389134 0.0124135 0.024478
6 0.338581 0.364708 0.0113051 0.0213658
81 0.560698 0.354284 0.0130821 0.0235508
6 0.242273 0.394865 0.012499 0.0271498
28 0.215805 0.331638 0.0149497 0.0276117
31 0.809158 0.150572 0.0427565 0.0819508
34 0.813236 0.234548 0.0422808 0.0822718
0 0.560848 0.32873 0.0167124 0.0285026
6 0.458071 0.249783 0.0158703 0.0283263
6 0.20216 0.389134 0.0124135 0.024478
6 0.338581 0.364708 0.0113051 0.0213658
81 0.560698 0.354284 0.0130821 0.0235508
6 0.242273 0.394865 0.012499 0.0271498
28 0.215805 0.331638 0.0149497 0.0276117
