6 0.16844 0.240352 0.0253908 0.0470759
6 0.768971 0.10403 0.049624 0.0854658
21 0.21093 0.326018 0.0190487 0.0359283
81 0.81262 0.051411 0.0510908 0.083984
6 0.413642 0.369814 0.01079 0.0187881
46 0.583026 0.347674 0.0109329 0.0200549
81 0.21163 0.288454 0.0195327 0.0405971
6 0.16844 0.240352 0.0253908 0.0470759
6 0.768971 0.10403 0.049624 0.0854658
21 0.21093 0.326018 0.0190487 0.0359283
81 0.81262 0.051411 0.0510908 0.083984
6 0.413642 0.369814 0.01079 0.0187881
46 0.583026 0.347674 0.0109329 0.0200549
81 0.21163 0.288454 0.0195327 0.0405971
