25 0.357296 0.345691 0.0180886 0.0324537
6 0.48915 0.292929 0.0151564 0.0267051
6 0.395558 0.403175 0.0136888 0.0237589
12 0.574388 0.351773 0.0114019 0.0248995
12 0.394843 0.379573 0.0130961 0.0203378
25 0.986374 0.43923 0.012797 0.0296722
128 0.575467 0.329739 0.0198229 0.0155184
25 0.357296 0.345691 0.0180886 0.0324537
6 0.48915 0.292929 0.0151564 0.0267051
6 0.395558 0.403175 0.0136888 0.0237589
12 0.574388 0.351773 0.0114019 0.0248995
12 0.394843 0.379573 0.0130961 0.0203378
25 0.986374 0.43923 0.012797 0.0296722
128 0.575467 0.329739 0.0198229 0.0155184
