6 0.168181 0.242023 0.0251453 0.0471067
6 0.768699 0.104292 0.0497658 0.0857276
21 0.211023 0.327103 0.0187745 0.0360068
6 0.413787 0.371136 0.0109655 0.0188985
81 0.812432 0.0512285 0.0508574 0.084055
46 0.582913 0.348197 0.0107515 0.0196084
81 0.21156 0.289319 0.0192661 0.0396455
25 0.582467 0.388104 0.0104589 0.0181243
6 0.168181 0.242023 0.0251453 0.0471067
6 0.768699 0.104292 0.0497658 0.0857276
21 0.211023 0.327103 0.0187745 0.0360068
6 0.413787 0.371136 0.0109655 0.0188985
81 0.812432 0.0512285 0.0508574 0.084055
46 0.582913 0.348197 0.0107515 0.0196084
81 0.21156 0.289319 0.0192661 0.0396455
25 0.582467 0.388104 0.0104589 0.0181243
