25 0.0309474 0.126087 0.0449715 0.0913378
6 0.455864 0.157337 0.027416 0.0483792
6 0.304287 0.374162 0.0215676 0.0402442
12 0.610002 0.261949 0.0227276 0.0376531
12 0.305525 0.336899 0.0179106 0.0298706
25 0.991525 0.261566 0.0169493 0.0651583
6 0.672255 0.372881 0.010491 0.0187037
127 0.61012 0.225602 0.0299282 0.0235186
25 0.0309474 0.126087 0.0449715 0.0913378
6 0.455864 0.157337 0.027416 0.0483792
6 0.304287 0.374162 0.0215676 0.0402442
12 0.610002 0.261949 0.0227276 0.0376531
12 0.305525 0.336899 0.0179106 0.0298706
25 0.991525 0.261566 0.0169493 0.0651583
6 0.672255 0.372881 0.010491 0.0187037
127 0.61012 0.225602 0.0299282 0.0235186
