28 0.156221 0.309403 0.0178298 0.034298
6 0.455412 0.213332 0.018914 0.0336196
0 0.580094 0.303182 0.0204378 0.0358273
6 0.162847 0.384395 0.0136417 0.0283581
6 0.319785 0.354672 0.0124418 0.0240073
6 0.202124 0.389494 0.0132304 0.0310679
39 0.70002 0.391504 0.0182775 0.0363703
21 0.34494 0.401712 0.0107895 0.0181325
28 0.156221 0.309403 0.0178298 0.034298
6 0.455412 0.213332 0.018914 0.0336196
0 0.580094 0.303182 0.0204378 0.0358273
6 0.162847 0.384395 0.0136417 0.0283581
6 0.319785 0.354672 0.0124418 0.0240073
6 0.202124 0.389494 0.0132304 0.0310679
39 0.70002 0.391504 0.0182775 0.0363703
21 0.34494 0.401712 0.0107895 0.0181325
