34 0.954454 0.163579 0.0495754 0.10295
31 0.942923 0.057856 0.0526634 0.106407
0 0.570896 0.31173 0.0187426 0.0329756
6 0.457779 0.227087 0.0174736 0.0309458
6 0.22219 0.386867 0.0144792 0.0315422
28 0.668283 0.142368 0.0282078 0.0497337
6 0.182387 0.380409 0.012155 0.0254101
6 0.329408 0.35462 0.0121373 0.0228415
81 0.572485 0.340911 0.0160395 0.0258312
28 0.187013 0.315494 0.0170019 0.0310441
34 0.954454 0.163579 0.0495754 0.10295
31 0.942923 0.057856 0.0526634 0.106407
0 0.570896 0.31173 0.0187426 0.0329756
6 0.457779 0.227087 0.0174736 0.0309458
6 0.22219 0.386867 0.0144792 0.0315422
28 0.668283 0.142368 0.0282078 0.0497337
6 0.182387 0.380409 0.012155 0.0254101
6 0.329408 0.35462 0.0121373 0.0228415
81 0.572485 0.340911 0.0160395 0.0258312
28 0.187013 0.315494 0.0170019 0.0310441
