0 0.651884 0.17992 0.0359 0.0618491
6 0.433854 0.0524279 0.0318527 0.0525061
81 0.650959 0.237384 0.0305464 0.0557253
6 0.247791 0.305589 0.0188647 0.0349612
6 0.0271319 0.360748 0.0188282 0.0400636
21 0.282445 0.370778 0.0143806 0.0258467
6 0.425161 0.3943 0.0100503 0.0178545
6 0.0495371 0.358232 0.0121678 0.0478928
0 0.651884 0.17992 0.0359 0.0618491
6 0.433854 0.0524279 0.0318527 0.0525061
81 0.650959 0.237384 0.0305464 0.0557253
6 0.247791 0.305589 0.0188647 0.0349612
6 0.0271319 0.360748 0.0188282 0.0400636
21 0.282445 0.370778 0.0143806 0.0258467
6 0.425161 0.3943 0.0100503 0.0178545
6 0.0495371 0.358232 0.0121678 0.0478928
