25 0.215889 0.248053 0.0308854 0.0563787
6 0.448459 0.214315 0.0211612 0.0367831
6 0.325869 0.370597 0.0170086 0.0309182
12 0.564461 0.290981 0.0181049 0.0296658
25 0.7699 0.321347 0.0136538 0.0326734
12 0.327222 0.341657 0.0145798 0.0247336
25 0.769702 0.313587 0.0122831 0.0331328
6 0.638681 0.362505 0.00949936 0.0172811
25 0.215889 0.248053 0.0308854 0.0563787
6 0.448459 0.214315 0.0211612 0.0367831
6 0.325869 0.370597 0.0170086 0.0309182
12 0.564461 0.290981 0.0181049 0.0296658
25 0.7699 0.321347 0.0136538 0.0326734
12 0.327222 0.341657 0.0145798 0.0247336
25 0.769702 0.313587 0.0122831 0.0331328
6 0.638681 0.362505 0.00949936 0.0172811
