6 0.168243 0.241929 0.0251571 0.0468858
6 0.768574 0.104182 0.0493233 0.0854573
21 0.211012 0.327004 0.0188509 0.0356954
6 0.413775 0.371046 0.0109358 0.0195372
81 0.812331 0.0511876 0.0507481 0.0839107
46 0.582729 0.348207 0.0107959 0.0192713
81 0.211681 0.289146 0.0189105 0.0392632
25 0.582457 0.388255 0.0101799 0.0172407
6 0.170472 0.302099 0.00994034 0.0263812
6 0.168243 0.241929 0.0251571 0.0468858
6 0.768574 0.104182 0.0493233 0.0854573
21 0.211012 0.327004 0.0188509 0.0356954
6 0.413775 0.371046 0.0109358 0.0195372
81 0.812331 0.0511876 0.0507481 0.0839107
46 0.582729 0.348207 0.0107959 0.0192713
81 0.211681 0.289146 0.0189105 0.0392632
25 0.582457 0.388255 0.0101799 0.0172407
6 0.170472 0.302099 0.00994034 0.0263812
