34 0.82517 0.228694 0.0442692 0.0832628
31 0.819962 0.141259 0.044297 0.0832178
0 0.562295 0.326027 0.0164198 0.0281422
6 0.457956 0.247123 0.0158349 0.0281853
6 0.240414 0.392834 0.0128677 0.0273633
28 0.213111 0.330132 0.0152343 0.0283023
6 0.200239 0.387692 0.0114975 0.0233003
6 0.338066 0.363248 0.0117165 0.0206589
28 0.637515 0.188909 0.023812 0.0426418
34 0.82517 0.228694 0.0442692 0.0832628
31 0.819962 0.141259 0.044297 0.0832178
0 0.562295 0.326027 0.0164198 0.0281422
6 0.457956 0.247123 0.0158349 0.0281853
6 0.240414 0.392834 0.0128677 0.0273633
28 0.213111 0.330132 0.0152343 0.0283023
6 0.200239 0.387692 0.0114975 0.0233003
6 0.338066 0.363248 0.0117165 0.0206589
28 0.637515 0.188909 0.023812 0.0426418
