81 0.654678 0.234284 0.0302454 0.0578017
0 0.65486 0.174614 0.0365173 0.0632291
6 0.433351 0.0462763 0.0324133 0.0531389
6 0.245439 0.30506 0.0195226 0.0358123
6 0.0235413 0.362207 0.0193804 0.0412081
21 0.280414 0.370277 0.0148763 0.0254252
6 0.425098 0.39373 0.0100869 0.01771
6 0.0441176 0.359805 0.0113099 0.0473683
81 0.280157 0.342132 0.0151963 0.029118
81 0.654678 0.234284 0.0302454 0.0578017
0 0.65486 0.174614 0.0365173 0.0632291
6 0.433351 0.0462763 0.0324133 0.0531389
6 0.245439 0.30506 0.0195226 0.0358123
6 0.0235413 0.362207 0.0193804 0.0412081
21 0.280414 0.370277 0.0148763 0.0254252
6 0.425098 0.39373 0.0100869 0.01771
6 0.0441176 0.359805 0.0113099 0.0473683
81 0.280157 0.342132 0.0151963 0.029118
