0 0.669828 0.156913 0.0395617 0.0672107
81 0.669896 0.219059 0.034363 0.0596023
6 0.235956 0.302441 0.0198704 0.0378641
6 0.430717 0.0255025 0.0348021 0.051005
21 0.271517 0.370851 0.0146236 0.0268232
6 0.00707285 0.362384 0.0141405 0.0424974
6 0.42346 0.396337 0.00992126 0.01734
0 0.669828 0.156913 0.0395617 0.0672107
81 0.669896 0.219059 0.034363 0.0596023
6 0.235956 0.302441 0.0198704 0.0378641
6 0.430717 0.0255025 0.0348021 0.051005
21 0.271517 0.370851 0.0146236 0.0268232
6 0.00707285 0.362384 0.0141405 0.0424974
6 0.42346 0.396337 0.00992126 0.01734
