46 0.903783 0.384064 0.0167788 0.0366492
6 0.419409 0.416003 0.0121578 0.0213554
12 0.578255 0.369022 0.010146 0.0177085
6 0.502524 0.319898 0.0132115 0.0232895
12 0.980751 0.220371 0.0222551 0.0584365
127 0.978142 0.181862 0.0235023 0.0265224
127 0.578121 0.352091 0.0152073 0.012678
12 0.41984 0.395084 0.0116656 0.0196582
46 0.903783 0.384064 0.0167788 0.0366492
6 0.419409 0.416003 0.0121578 0.0213554
12 0.578255 0.369022 0.010146 0.0177085
6 0.502524 0.319898 0.0132115 0.0232895
12 0.980751 0.220371 0.0222551 0.0584365
127 0.978142 0.181862 0.0235023 0.0265224
127 0.578121 0.352091 0.0152073 0.012678
12 0.41984 0.395084 0.0116656 0.0196582
