6 0.168235 0.243596 0.0250719 0.0471539
6 0.768594 0.105556 0.0494839 0.0851417
81 0.812184 0.0522534 0.0508001 0.084301
21 0.211188 0.328537 0.0188312 0.0358924
6 0.413794 0.372335 0.0110825 0.0183326
25 0.582494 0.389985 0.0104778 0.0195361
46 0.582834 0.349045 0.0104149 0.0188198
81 0.211609 0.290955 0.0195848 0.0400241
6 0.168235 0.243596 0.0250719 0.0471539
6 0.768594 0.105556 0.0494839 0.0851417
81 0.812184 0.0522534 0.0508001 0.084301
21 0.211188 0.328537 0.0188312 0.0358924
6 0.413794 0.372335 0.0110825 0.0183326
25 0.582494 0.389985 0.0104778 0.0195361
46 0.582834 0.349045 0.0104149 0.0188198
81 0.211609 0.290955 0.0195848 0.0400241
