46 0.87986 0.386526 0.0141376 0.0338676
6 0.506199 0.327459 0.0134556 0.0236484
12 0.935728 0.238634 0.0222992 0.0534346
6 0.992086 0.425611 0.0132301 0.0252074
127 0.933116 0.201006 0.0233328 0.0218096
12 0.426898 0.3995 0.0124808 0.0209252
6 0.426485 0.420308 0.0119518 0.0205789
12 0.579456 0.37513 0.0100306 0.0183431
6 0.982932 0.335168 0.00993729 0.0227304
46 0.87986 0.386526 0.0141376 0.0338676
6 0.506199 0.327459 0.0134556 0.0236484
12 0.935728 0.238634 0.0222992 0.0534346
6 0.992086 0.425611 0.0132301 0.0252074
127 0.933116 0.201006 0.0233328 0.0218096
12 0.426898 0.3995 0.0124808 0.0209252
6 0.426485 0.420308 0.0119518 0.0205789
12 0.579456 0.37513 0.0100306 0.0183431
6 0.982932 0.335168 0.00993729 0.0227304
