81 0.764283 0.108012 0.0444394 0.0734101
0 0.760882 0.0357665 0.0575211 0.0715329
6 0.185474 0.266639 0.0242634 0.0448554
6 0.73497 0.149363 0.045002 0.0785961
21 0.226938 0.347803 0.0182345 0.0340125
6 0.415054 0.385829 0.0104289 0.0178034
81 0.226753 0.312019 0.0184273 0.0378821
81 0.764283 0.108012 0.0444394 0.0734101
0 0.760882 0.0357665 0.0575211 0.0715329
6 0.185474 0.266639 0.0242634 0.0448554
6 0.73497 0.149363 0.045002 0.0785961
21 0.226938 0.347803 0.0182345 0.0340125
6 0.415054 0.385829 0.0104289 0.0178034
81 0.226753 0.312019 0.0184273 0.0378821
