0 0.754309 0.0390586 0.0563563 0.0781171
81 0.757653 0.114553 0.043597 0.0740252
6 0.730206 0.15274 0.0444819 0.0768418
6 0.188035 0.268209 0.0236721 0.0444847
21 0.229159 0.348443 0.0176009 0.0337696
6 0.415293 0.385724 0.0105309 0.0178808
81 0.229145 0.312736 0.018196 0.0373749
0 0.754309 0.0390586 0.0563563 0.0781171
81 0.757653 0.114553 0.043597 0.0740252
6 0.730206 0.15274 0.0444819 0.0768418
6 0.188035 0.268209 0.0236721 0.0444847
21 0.229159 0.348443 0.0176009 0.0337696
6 0.415293 0.385724 0.0105309 0.0178808
81 0.229145 0.312736 0.018196 0.0373749
