6 0.168294 0.241898 0.025216 0.0471564
6 0.768663 0.104264 0.0492779 0.0852265
21 0.210984 0.326975 0.0187007 0.0353999
6 0.413833 0.37112 0.0110012 0.0190737
81 0.81238 0.0511288 0.0507671 0.0840519
46 0.582719 0.348145 0.0108139 0.0194189
81 0.211567 0.289195 0.0187976 0.0394256
25 0.58244 0.388168 0.0102309 0.017372
6 0.170414 0.302182 0.00977974 0.0263923
6 0.168294 0.241898 0.025216 0.0471564
6 0.768663 0.104264 0.0492779 0.0852265
21 0.210984 0.326975 0.0187007 0.0353999
6 0.413833 0.37112 0.0110012 0.0190737
81 0.81238 0.0511288 0.0507671 0.0840519
46 0.582719 0.348145 0.0108139 0.0194189
81 0.211567 0.289195 0.0187976 0.0394256
25 0.58244 0.388168 0.0102309 0.017372
6 0.170414 0.302182 0.00977974 0.0263923
