114 0.0201077 0.198182 0.0402154 0.0559284
6 0.303451 0.373887 0.0215787 0.0400747
6 0.45612 0.151901 0.0286247 0.0536501
12 0.612051 0.259414 0.0236296 0.0385296
25 0.0220432 0.121415 0.0427392 0.0912598
12 0.304578 0.336173 0.0164594 0.0290629
6 0.673583 0.372659 0.0106468 0.0195047
127 0.611226 0.223075 0.0288401 0.0218332
114 0.0201077 0.198182 0.0402154 0.0559284
6 0.303451 0.373887 0.0215787 0.0400747
6 0.45612 0.151901 0.0286247 0.0536501
12 0.612051 0.259414 0.0236296 0.0385296
25 0.0220432 0.121415 0.0427392 0.0912598
12 0.304578 0.336173 0.0164594 0.0290629
6 0.673583 0.372659 0.0106468 0.0195047
127 0.611226 0.223075 0.0288401 0.0218332
