0 0.639591 0.196349 0.033695 0.0569166
6 0.435981 0.0715178 0.0303314 0.0508358
81 0.639503 0.250285 0.0287205 0.0530966
6 0.254633 0.307608 0.0184392 0.0347764
6 0.0418856 0.357572 0.01861 0.0391876
21 0.288298 0.370428 0.0137244 0.0244371
6 0.425182 0.392657 0.010378 0.0184767
6 0.0671795 0.356724 0.0134658 0.0483147
0 0.639591 0.196349 0.033695 0.0569166
6 0.435981 0.0715178 0.0303314 0.0508358
81 0.639503 0.250285 0.0287205 0.0530966
6 0.254633 0.307608 0.0184392 0.0347764
6 0.0418856 0.357572 0.01861 0.0391876
21 0.288298 0.370428 0.0137244 0.0244371
6 0.425182 0.392657 0.010378 0.0184767
6 0.0671795 0.356724 0.0134658 0.0483147
