25 0.20199 0.233809 0.0317701 0.057767
6 0.323728 0.366098 0.0176775 0.0327271
6 0.449128 0.204553 0.0213348 0.0381986
12 0.568981 0.284362 0.0173104 0.0303007
12 0.325052 0.336165 0.0143325 0.0233447
25 0.78951 0.302186 0.01248 0.0266129
25 0.789341 0.315111 0.0141066 0.0290729
6 0.642245 0.359938 0.00962505 0.0177571
127 0.568159 0.256899 0.0233353 0.0183599
25 0.20199 0.233809 0.0317701 0.057767
6 0.323728 0.366098 0.0176775 0.0327271
6 0.449128 0.204553 0.0213348 0.0381986
12 0.568981 0.284362 0.0173104 0.0303007
12 0.325052 0.336165 0.0143325 0.0233447
25 0.78951 0.302186 0.01248 0.0266129
25 0.789341 0.315111 0.0141066 0.0290729
6 0.642245 0.359938 0.00962505 0.0177571
127 0.568159 0.256899 0.0233353 0.0183599
