6 0.465947 0.0957097 0.0369201 0.0595418
6 0.283415 0.373498 0.0243524 0.0464712
12 0.658574 0.23238 0.0272829 0.0478631
12 0.284725 0.329012 0.0220909 0.0359087
6 0.698858 0.386721 0.0108138 0.0215841
128 0.657295 0.190153 0.0336932 0.0264143
127 0.657394 0.1906 0.0341747 0.026472
6 0.465947 0.0957097 0.0369201 0.0595418
6 0.283415 0.373498 0.0243524 0.0464712
12 0.658574 0.23238 0.0272829 0.0478631
12 0.284725 0.329012 0.0220909 0.0359087
6 0.698858 0.386721 0.0108138 0.0215841
128 0.657295 0.190153 0.0336932 0.0264143
127 0.657394 0.1906 0.0341747 0.026472
