0 0.662696 0.163143 0.0377234 0.0647486
6 0.431667 0.0319945 0.0335297 0.0548379
21 0.275362 0.368462 0.014554 0.025637
6 0.239956 0.30148 0.0197205 0.0375846
81 0.66186 0.225646 0.0330683 0.061148
6 0.0133295 0.359808 0.0203608 0.0420061
6 0.423715 0.392947 0.010297 0.0173075
6 0.0315416 0.356771 0.0133468 0.0509828
81 0.275143 0.339323 0.0154976 0.0302036
0 0.662696 0.163143 0.0377234 0.0647486
6 0.431667 0.0319945 0.0335297 0.0548379
21 0.275362 0.368462 0.014554 0.025637
6 0.239956 0.30148 0.0197205 0.0375846
81 0.66186 0.225646 0.0330683 0.061148
6 0.0133295 0.359808 0.0203608 0.0420061
6 0.423715 0.392947 0.010297 0.0173075
6 0.0315416 0.356771 0.0133468 0.0509828
81 0.275143 0.339323 0.0154976 0.0302036
