25 0.13401 0.188793 0.0374196 0.0717758
6 0.452997 0.185299 0.0237936 0.0423928
6 0.315051 0.372098 0.0208471 0.0375644
12 0.588005 0.277882 0.0204407 0.035722
25 0.876482 0.283967 0.0178467 0.0396082
12 0.315748 0.338989 0.0161349 0.0279149
25 0.877305 0.292772 0.020076 0.0450869
6 0.657419 0.368495 0.00980425 0.0178953
25 0.13401 0.188793 0.0374196 0.0717758
6 0.452997 0.185299 0.0237936 0.0423928
6 0.315051 0.372098 0.0208471 0.0375644
12 0.588005 0.277882 0.0204407 0.035722
25 0.876482 0.283967 0.0178467 0.0396082
12 0.315748 0.338989 0.0161349 0.0279149
25 0.877305 0.292772 0.020076 0.0450869
6 0.657419 0.368495 0.00980425 0.0178953
