81 0.635201 0.255639 0.0278801 0.0503612
0 0.634432 0.203018 0.03197 0.0549422
6 0.436334 0.0800855 0.0298962 0.049822
6 0.257941 0.309434 0.0185778 0.0347603
6 0.0477233 0.358042 0.0179146 0.0374466
6 0.0742986 0.358023 0.0131736 0.0484246
21 0.290707 0.37148 0.0134665 0.0249863
6 0.425333 0.393357 0.00975304 0.0172365
81 0.635201 0.255639 0.0278801 0.0503612
0 0.634432 0.203018 0.03197 0.0549422
6 0.436334 0.0800855 0.0298962 0.049822
6 0.257941 0.309434 0.0185778 0.0347603
6 0.0477233 0.358042 0.0179146 0.0374466
6 0.0742986 0.358023 0.0131736 0.0484246
21 0.290707 0.37148 0.0134665 0.0249863
6 0.425333 0.393357 0.00975304 0.0172365
