6 0.168146 0.24204 0.0252342 0.0471877
6 0.768681 0.104258 0.0498614 0.0859456
21 0.210944 0.327128 0.0187958 0.0360935
46 0.582861 0.348069 0.0108952 0.0198169
81 0.812408 0.0510923 0.0508383 0.0840222
6 0.413647 0.370984 0.0107058 0.0186932
81 0.211366 0.289208 0.0192672 0.039543
25 0.582572 0.388117 0.0104336 0.0180378
6 0.168146 0.24204 0.0252342 0.0471877
6 0.768681 0.104258 0.0498614 0.0859456
21 0.210944 0.327128 0.0187958 0.0360935
46 0.582861 0.348069 0.0108952 0.0198169
81 0.812408 0.0510923 0.0508383 0.0840222
6 0.413647 0.370984 0.0107058 0.0186932
81 0.211366 0.289208 0.0192672 0.039543
25 0.582572 0.388117 0.0104336 0.0180378
