6 0.505661 0.327248 0.0130697 0.0234407
46 0.884328 0.387588 0.0137856 0.0337748
6 0.994044 0.427446 0.011911 0.0246358
12 0.942781 0.237444 0.0216656 0.0537498
6 0.425683 0.420526 0.0121324 0.021168
6 0.985729 0.337037 0.0102463 0.0227833
12 0.426451 0.400182 0.0118305 0.0206009
127 0.940455 0.199555 0.0229736 0.0255247
12 0.580321 0.375817 0.0100206 0.0182933
6 0.505661 0.327248 0.0130697 0.0234407
46 0.884328 0.387588 0.0137856 0.0337748
6 0.994044 0.427446 0.011911 0.0246358
12 0.942781 0.237444 0.0216656 0.0537498
6 0.425683 0.420526 0.0121324 0.021168
6 0.985729 0.337037 0.0102463 0.0227833
12 0.426451 0.400182 0.0118305 0.0206009
127 0.940455 0.199555 0.0229736 0.0255247
12 0.580321 0.375817 0.0100206 0.0182933
