6 0.168265 0.241856 0.0252308 0.0472065
6 0.76861 0.104293 0.0492685 0.0852527
21 0.21099 0.326943 0.0187251 0.035435
6 0.41382 0.371065 0.0110043 0.0190621
81 0.812355 0.0512154 0.050697 0.0838992
46 0.582704 0.348169 0.0107724 0.0191599
81 0.211656 0.289198 0.0189207 0.0393218
6 0.170677 0.302349 0.00976901 0.0265386
6 0.168265 0.241856 0.0252308 0.0472065
6 0.76861 0.104293 0.0492685 0.0852527
21 0.21099 0.326943 0.0187251 0.035435
6 0.41382 0.371065 0.0110043 0.0190621
81 0.812355 0.0512154 0.050697 0.0838992
46 0.582704 0.348169 0.0107724 0.0191599
81 0.211656 0.289198 0.0189207 0.0393218
6 0.170677 0.302349 0.00976901 0.0265386
