25 0.194091 0.224139 0.0327185 0.0597682
6 0.449844 0.197863 0.0213375 0.0385351
12 0.572089 0.280009 0.0177978 0.0317317
6 0.322796 0.36274 0.0173545 0.0330363
25 0.799921 0.304936 0.0150406 0.0404263
12 0.32394 0.332686 0.014604 0.0237617
6 0.644393 0.356454 0.0106129 0.018391
135 0.323989 0.307718 0.012021 0.0261478
25 0.194091 0.224139 0.0327185 0.0597682
6 0.449844 0.197863 0.0213375 0.0385351
12 0.572089 0.280009 0.0177978 0.0317317
6 0.322796 0.36274 0.0173545 0.0330363
25 0.799921 0.304936 0.0150406 0.0404263
12 0.32394 0.332686 0.014604 0.0237617
6 0.644393 0.356454 0.0106129 0.018391
135 0.323989 0.307718 0.012021 0.0261478
