6 0.768711 0.104467 0.0498708 0.0859457
6 0.168162 0.24203 0.0251683 0.0472527
21 0.211035 0.327325 0.0187794 0.0362837
81 0.812493 0.0513423 0.0509289 0.0842979
6 0.413745 0.371237 0.0109482 0.0190439
46 0.582813 0.348147 0.0108969 0.0198227
81 0.211551 0.289457 0.0193095 0.0395683
6 0.768711 0.104467 0.0498708 0.0859457
6 0.168162 0.24203 0.0251683 0.0472527
21 0.211035 0.327325 0.0187794 0.0362837
81 0.812493 0.0513423 0.0509289 0.0842979
6 0.413745 0.371237 0.0109482 0.0190439
46 0.582813 0.348147 0.0108969 0.0198227
81 0.211551 0.289457 0.0193095 0.0395683
