6 0.168277 0.241851 0.0252474 0.0472775
6 0.76865 0.104275 0.0495383 0.0853424
21 0.210984 0.326952 0.0186674 0.0353617
6 0.413845 0.37114 0.0110021 0.0191332
81 0.812388 0.0512372 0.0507435 0.0841086
46 0.582714 0.348061 0.0108177 0.0193705
81 0.21159 0.289136 0.018804 0.0392289
6 0.170372 0.302947 0.00966291 0.0266297
6 0.168277 0.241851 0.0252474 0.0472775
6 0.76865 0.104275 0.0495383 0.0853424
21 0.210984 0.326952 0.0186674 0.0353617
6 0.413845 0.37114 0.0110021 0.0191332
81 0.812388 0.0512372 0.0507435 0.0841086
46 0.582714 0.348061 0.0108177 0.0193705
81 0.21159 0.289136 0.018804 0.0392289
6 0.170372 0.302947 0.00966291 0.0266297
