0 0.632552 0.207966 0.0317181 0.0542557
6 0.437286 0.0851266 0.0301131 0.0494024
81 0.632976 0.258342 0.0274885 0.0483959
6 0.259771 0.310818 0.0187079 0.0344398
6 0.0507542 0.358113 0.0183064 0.0379278
6 0.0782203 0.358452 0.0132749 0.0479222
6 0.425336 0.394509 0.01007 0.0176648
81 0.29235 0.345581 0.0137865 0.0271453
0 0.632552 0.207966 0.0317181 0.0542557
6 0.437286 0.0851266 0.0301131 0.0494024
81 0.632976 0.258342 0.0274885 0.0483959
6 0.259771 0.310818 0.0187079 0.0344398
6 0.0507542 0.358113 0.0183064 0.0379278
6 0.0782203 0.358452 0.0132749 0.0479222
6 0.425336 0.394509 0.01007 0.0176648
81 0.29235 0.345581 0.0137865 0.0271453
