6 0.168206 0.24202 0.0251685 0.047145
6 0.768676 0.104322 0.0498381 0.0858086
21 0.211022 0.327111 0.0187488 0.0359862
6 0.413775 0.371148 0.0109559 0.018885
81 0.812423 0.0511905 0.0508114 0.0840895
46 0.582902 0.348194 0.0107363 0.019578
81 0.211567 0.289321 0.0192505 0.0396346
25 0.582461 0.388113 0.0104795 0.0181586
6 0.168206 0.24202 0.0251685 0.047145
6 0.768676 0.104322 0.0498381 0.0858086
21 0.211022 0.327111 0.0187488 0.0359862
6 0.413775 0.371148 0.0109559 0.018885
81 0.812423 0.0511905 0.0508114 0.0840895
46 0.582902 0.348194 0.0107363 0.019578
81 0.211567 0.289321 0.0192505 0.0396346
25 0.582461 0.388113 0.0104795 0.0181586
