6 0.168302 0.241902 0.0252233 0.0472221
6 0.768677 0.104231 0.0493954 0.0853829
21 0.210966 0.326999 0.0186962 0.0354412
6 0.413809 0.371137 0.0109692 0.0190709
81 0.81238 0.0511667 0.0507463 0.0840629
46 0.582712 0.348149 0.0108532 0.0195439
81 0.211612 0.289147 0.0187794 0.0392363
6 0.170467 0.302286 0.00974894 0.0270036
25 0.582414 0.388088 0.0102483 0.0173148
6 0.168302 0.241902 0.0252233 0.0472221
6 0.768677 0.104231 0.0493954 0.0853829
21 0.210966 0.326999 0.0186962 0.0354412
6 0.413809 0.371137 0.0109692 0.0190709
81 0.81238 0.0511667 0.0507463 0.0840629
46 0.582712 0.348149 0.0108532 0.0195439
81 0.211612 0.289147 0.0187794 0.0392363
6 0.170467 0.302286 0.00974894 0.0270036
25 0.582414 0.388088 0.0102483 0.0173148
