6 0.168228 0.241909 0.0252115 0.0468888
6 0.768562 0.104177 0.0492575 0.0853476
21 0.211061 0.327003 0.0189013 0.035686
6 0.413771 0.371059 0.0108936 0.0194326
81 0.812325 0.0511917 0.0507186 0.0838775
46 0.582708 0.34819 0.01079 0.019229
81 0.211713 0.289185 0.0189513 0.0392664
25 0.582495 0.388118 0.0101547 0.0171514
6 0.170622 0.301997 0.00974355 0.0261704
6 0.168228 0.241909 0.0252115 0.0468888
6 0.768562 0.104177 0.0492575 0.0853476
21 0.211061 0.327003 0.0189013 0.035686
6 0.413771 0.371059 0.0108936 0.0194326
81 0.812325 0.0511917 0.0507186 0.0838775
46 0.582708 0.34819 0.01079 0.019229
81 0.211713 0.289185 0.0189513 0.0392664
25 0.582495 0.388118 0.0101547 0.0171514
6 0.170622 0.301997 0.00974355 0.0261704
