6 0.168255 0.241918 0.0251971 0.0469359
6 0.768575 0.104199 0.0493401 0.0855019
21 0.211019 0.327002 0.0188678 0.0357131
6 0.413758 0.371043 0.0108795 0.0194517
81 0.812326 0.051188 0.0507408 0.0839132
46 0.582723 0.348206 0.0107944 0.0192696
81 0.211694 0.289148 0.0189283 0.0392826
25 0.582464 0.388258 0.0101728 0.0172384
6 0.170737 0.302054 0.00967016 0.0267893
6 0.168255 0.241918 0.0251971 0.0469359
6 0.768575 0.104199 0.0493401 0.0855019
21 0.211019 0.327002 0.0188678 0.0357131
6 0.413758 0.371043 0.0108795 0.0194517
81 0.812326 0.051188 0.0507408 0.0839132
46 0.582723 0.348206 0.0107944 0.0192696
81 0.211694 0.289148 0.0189283 0.0392826
25 0.582464 0.388258 0.0101728 0.0172384
6 0.170737 0.302054 0.00967016 0.0267893
