0 0.645907 0.187475 0.034774 0.0600887
6 0.435097 0.0613819 0.0309723 0.0517862
81 0.646221 0.242824 0.0292114 0.0507888
6 0.251058 0.307248 0.0184779 0.0340285
6 0.0336232 0.360235 0.0186205 0.0409932
6 0.0574518 0.357962 0.0129438 0.0503065
6 0.425186 0.394406 0.0101275 0.0178999
21 0.284961 0.371553 0.0141109 0.0262231
39 0.854683 0.344864 0.0276194 0.0631098
0 0.645907 0.187475 0.034774 0.0600887
6 0.435097 0.0613819 0.0309723 0.0517862
81 0.646221 0.242824 0.0292114 0.0507888
6 0.251058 0.307248 0.0184779 0.0340285
6 0.0336232 0.360235 0.0186205 0.0409932
6 0.0574518 0.357962 0.0129438 0.0503065
6 0.425186 0.394406 0.0101275 0.0178999
21 0.284961 0.371553 0.0141109 0.0262231
39 0.854683 0.344864 0.0276194 0.0631098
