0 0.610303 0.244281 0.0279893 0.047863
81 0.611587 0.286925 0.0242501 0.0396592
6 0.442744 0.130693 0.0254063 0.0428666
6 0.278944 0.322948 0.0163983 0.0310034
6 0.0867466 0.362499 0.0161077 0.0334137
6 0.119912 0.364053 0.0136898 0.0413105
39 0.775888 0.366052 0.0229994 0.0490067
0 0.610303 0.244281 0.0279893 0.047863
81 0.611587 0.286925 0.0242501 0.0396592
6 0.442744 0.130693 0.0254063 0.0428666
6 0.278944 0.322948 0.0163983 0.0310034
6 0.0867466 0.362499 0.0161077 0.0334137
6 0.119912 0.364053 0.0136898 0.0413105
39 0.775888 0.366052 0.0229994 0.0490067
