6 0.16817 0.241986 0.0251783 0.0470808
6 0.768664 0.104253 0.0496027 0.0854993
21 0.211054 0.327122 0.0186033 0.0359335
81 0.812379 0.0512303 0.0506947 0.0840315
6 0.413861 0.371114 0.0109843 0.0189097
46 0.58288 0.348052 0.0108113 0.0196479
81 0.211539 0.289244 0.019101 0.0393034
6 0.16817 0.241986 0.0251783 0.0470808
6 0.768664 0.104253 0.0496027 0.0854993
21 0.211054 0.327122 0.0186033 0.0359335
81 0.812379 0.0512303 0.0506947 0.0840315
6 0.413861 0.371114 0.0109843 0.0189097
46 0.58288 0.348052 0.0108113 0.0196479
81 0.211539 0.289244 0.019101 0.0393034
