6 0.168249 0.241861 0.0252061 0.047181
6 0.768589 0.104263 0.0492819 0.0852703
21 0.21099 0.326912 0.0187473 0.0355239
6 0.413839 0.371069 0.0110322 0.0191029
81 0.812356 0.0511992 0.0506958 0.0838449
46 0.582722 0.348173 0.0108183 0.0192034
81 0.21166 0.289205 0.0189172 0.0393375
6 0.170515 0.302355 0.00976849 0.0261021
6 0.168249 0.241861 0.0252061 0.047181
6 0.768589 0.104263 0.0492819 0.0852703
21 0.21099 0.326912 0.0187473 0.0355239
6 0.413839 0.371069 0.0110322 0.0191029
81 0.812356 0.0511992 0.0506958 0.0838449
46 0.582722 0.348173 0.0108183 0.0192034
81 0.21166 0.289205 0.0189172 0.0393375
6 0.170515 0.302355 0.00976849 0.0261021
