6 0.168296 0.241911 0.0251913 0.0471747
6 0.768669 0.104232 0.0492713 0.0852114
21 0.210968 0.326951 0.0187305 0.0353514
6 0.413821 0.371096 0.0109705 0.0190219
81 0.812385 0.0511219 0.0507504 0.0840417
46 0.582736 0.348158 0.0108521 0.0194785
81 0.211588 0.289189 0.0187845 0.0393355
6 0.170553 0.3023 0.00969741 0.0271152
25 0.582471 0.388062 0.010241 0.0173992
6 0.168296 0.241911 0.0251913 0.0471747
6 0.768669 0.104232 0.0492713 0.0852114
21 0.210968 0.326951 0.0187305 0.0353514
6 0.413821 0.371096 0.0109705 0.0190219
81 0.812385 0.0511219 0.0507504 0.0840417
46 0.582736 0.348158 0.0108521 0.0194785
81 0.211588 0.289189 0.0187845 0.0393355
6 0.170553 0.3023 0.00969741 0.0271152
25 0.582471 0.388062 0.010241 0.0173992
