25 0.31152 0.311328 0.0217859 0.0393876
12 0.367712 0.361492 0.0122561 0.0221269
6 0.471738 0.260813 0.0179897 0.0312387
6 0.367323 0.387449 0.0151087 0.0274964
25 0.703303 0.361865 0.0115274 0.0274935
12 0.566525 0.325468 0.0149277 0.0236265
128 0.567039 0.304521 0.0185783 0.0143683
25 0.31152 0.311328 0.0217859 0.0393876
12 0.367712 0.361492 0.0122561 0.0221269
6 0.471738 0.260813 0.0179897 0.0312387
6 0.367323 0.387449 0.0151087 0.0274964
25 0.703303 0.361865 0.0115274 0.0274935
12 0.566525 0.325468 0.0149277 0.0236265
128 0.567039 0.304521 0.0185783 0.0143683
