25 0.303067 0.304454 0.022867 0.0396122
6 0.4684 0.255343 0.0185079 0.0327682
12 0.564662 0.322334 0.0134406 0.0249335
12 0.362934 0.358045 0.0133892 0.0221382
6 0.362506 0.384291 0.0155865 0.0275474
25 0.706848 0.359294 0.012522 0.031912
128 0.565301 0.300615 0.018804 0.0153716
127 0.565368 0.300708 0.0189341 0.0156518
25 0.303067 0.304454 0.022867 0.0396122
6 0.4684 0.255343 0.0185079 0.0327682
12 0.564662 0.322334 0.0134406 0.0249335
12 0.362934 0.358045 0.0133892 0.0221382
6 0.362506 0.384291 0.0155865 0.0275474
25 0.706848 0.359294 0.012522 0.031912
128 0.565301 0.300615 0.018804 0.0153716
127 0.565368 0.300708 0.0189341 0.0156518
