0 0.718918 0.084048 0.0483192 0.0818208
6 0.2056 0.284404 0.0219224 0.0415128
81 0.722429 0.156825 0.0380432 0.0647498
21 0.244622 0.359356 0.0164487 0.0317749
46 0.575733 0.369562 0.0105574 0.0181695
6 0.70215 0.186308 0.0362178 0.0681258
6 0.418466 0.392348 0.0109432 0.0184414
81 0.244489 0.32612 0.0166337 0.0340393
0 0.718918 0.084048 0.0483192 0.0818208
6 0.2056 0.284404 0.0219224 0.0415128
81 0.722429 0.156825 0.0380432 0.0647498
21 0.244622 0.359356 0.0164487 0.0317749
46 0.575733 0.369562 0.0105574 0.0181695
6 0.70215 0.186308 0.0362178 0.0681258
6 0.418466 0.392348 0.0109432 0.0184414
81 0.244489 0.32612 0.0166337 0.0340393
