0 0.636582 0.200115 0.0326645 0.0567126
6 0.435934 0.0758049 0.0303181 0.0507051
6 0.256388 0.308316 0.0185678 0.0346191
6 0.0443699 0.357851 0.0181574 0.0387567
81 0.637203 0.253445 0.0284243 0.0509917
6 0.0707243 0.357357 0.013146 0.0481328
21 0.289412 0.370833 0.0136304 0.0237395
6 0.425124 0.393519 0.00968075 0.0173133
0 0.636582 0.200115 0.0326645 0.0567126
6 0.435934 0.0758049 0.0303181 0.0507051
6 0.256388 0.308316 0.0185678 0.0346191
6 0.0443699 0.357851 0.0181574 0.0387567
81 0.637203 0.253445 0.0284243 0.0509917
6 0.0707243 0.357357 0.013146 0.0481328
21 0.289412 0.370833 0.0136304 0.0237395
6 0.425124 0.393519 0.00968075 0.0173133
