25 0.273783 0.283722 0.0251771 0.0440389
12 0.560759 0.307806 0.0156185 0.0243673
6 0.457754 0.238199 0.0193536 0.0345599
6 0.346608 0.374839 0.0163013 0.0284665
25 0.7204 0.345849 0.0119512 0.0254318
12 0.347357 0.347909 0.0140556 0.0226166
6 0.636456 0.366858 0.00936918 0.0162966
25 0.273783 0.283722 0.0251771 0.0440389
12 0.560759 0.307806 0.0156185 0.0243673
6 0.457754 0.238199 0.0193536 0.0345599
6 0.346608 0.374839 0.0163013 0.0284665
25 0.7204 0.345849 0.0119512 0.0254318
12 0.347357 0.347909 0.0140556 0.0226166
6 0.636456 0.366858 0.00936918 0.0162966
