6 0.168308 0.241866 0.0252387 0.0471939
6 0.768617 0.104251 0.0492439 0.0851682
21 0.211004 0.327021 0.0187272 0.0355027
6 0.413833 0.371077 0.0109937 0.0190418
81 0.812368 0.0512247 0.0507595 0.0839117
46 0.582702 0.348161 0.0107422 0.0192207
81 0.211675 0.289179 0.0188266 0.039285
6 0.170589 0.302127 0.00971477 0.0262041
6 0.168308 0.241866 0.0252387 0.0471939
6 0.768617 0.104251 0.0492439 0.0851682
21 0.211004 0.327021 0.0187272 0.0355027
6 0.413833 0.371077 0.0109937 0.0190418
81 0.812368 0.0512247 0.0507595 0.0839117
46 0.582702 0.348161 0.0107422 0.0192207
81 0.211675 0.289179 0.0188266 0.039285
6 0.170589 0.302127 0.00971477 0.0262041
