6 0.1682 0.241966 0.025161 0.047093
6 0.768688 0.104263 0.0495658 0.0854819
21 0.211005 0.327084 0.0186173 0.0358269
81 0.812382 0.0512432 0.0507551 0.0840988
6 0.413882 0.371106 0.010965 0.0188722
46 0.582856 0.34805 0.0108134 0.0196582
81 0.21154 0.289255 0.0191551 0.039286
6 0.1682 0.241966 0.025161 0.047093
6 0.768688 0.104263 0.0495658 0.0854819
21 0.211005 0.327084 0.0186173 0.0358269
81 0.812382 0.0512432 0.0507551 0.0840988
6 0.413882 0.371106 0.010965 0.0188722
46 0.582856 0.34805 0.0108134 0.0196582
81 0.21154 0.289255 0.0191551 0.039286
