0 0.586923 0.289733 0.0232213 0.0391727
6 0.453475 0.195089 0.0203413 0.0351011
28 0.129559 0.296526 0.01805 0.0368005
6 0.311294 0.34689 0.0136748 0.0255806
6 0.146017 0.378932 0.0139025 0.0275002
6 0.184519 0.383156 0.0140129 0.0332593
39 0.716656 0.383725 0.0186651 0.0377641
28 0.741432 0.0349619 0.0389999 0.0653692
81 0.589747 0.324214 0.0213373 0.0317351
0 0.586923 0.289733 0.0232213 0.0391727
6 0.453475 0.195089 0.0203413 0.0351011
28 0.129559 0.296526 0.01805 0.0368005
6 0.311294 0.34689 0.0136748 0.0255806
6 0.146017 0.378932 0.0139025 0.0275002
6 0.184519 0.383156 0.0140129 0.0332593
39 0.716656 0.383725 0.0186651 0.0377641
28 0.741432 0.0349619 0.0389999 0.0653692
81 0.589747 0.324214 0.0213373 0.0317351
