0 0.673388 0.149817 0.0408854 0.0705411
21 0.269112 0.369192 0.0150595 0.0278688
81 0.672747 0.212434 0.0346987 0.0561127
6 0.233088 0.300202 0.0202131 0.0387893
6 0.42901 0.0216526 0.033886 0.0433053
6 0.00491694 0.360006 0.00975052 0.0458103
6 0.422851 0.39538 0.00994339 0.0166972
6 0.00702898 0.357336 0.014058 0.0538951
0 0.673388 0.149817 0.0408854 0.0705411
21 0.269112 0.369192 0.0150595 0.0278688
81 0.672747 0.212434 0.0346987 0.0561127
6 0.233088 0.300202 0.0202131 0.0387893
6 0.42901 0.0216526 0.033886 0.0433053
6 0.00491694 0.360006 0.00975052 0.0458103
6 0.422851 0.39538 0.00994339 0.0166972
6 0.00702898 0.357336 0.014058 0.0538951
