6 0.168271 0.241904 0.0251785 0.0468175
6 0.76859 0.104191 0.0491978 0.0853181
21 0.211056 0.327007 0.0188151 0.0356333
6 0.41383 0.371034 0.0111116 0.0193059
81 0.812382 0.0512322 0.0507065 0.0839489
46 0.582727 0.348206 0.0107944 0.0193083
81 0.211755 0.289268 0.0189876 0.0394029
6 0.168271 0.241904 0.0251785 0.0468175
6 0.76859 0.104191 0.0491978 0.0853181
21 0.211056 0.327007 0.0188151 0.0356333
6 0.41383 0.371034 0.0111116 0.0193059
81 0.812382 0.0512322 0.0507065 0.0839489
46 0.582727 0.348206 0.0107944 0.0193083
81 0.211755 0.289268 0.0189876 0.0394029
