6 0.168275 0.24187 0.0252756 0.0473175
6 0.76869 0.104268 0.0494469 0.0853717
21 0.210973 0.326969 0.0186822 0.0353692
6 0.413816 0.371084 0.0110184 0.0191817
81 0.812361 0.0512374 0.0507058 0.0841303
46 0.582702 0.348086 0.0108604 0.0194626
81 0.211587 0.289135 0.0187174 0.0391863
6 0.170408 0.302931 0.00962946 0.0267857
6 0.168275 0.24187 0.0252756 0.0473175
6 0.76869 0.104268 0.0494469 0.0853717
21 0.210973 0.326969 0.0186822 0.0353692
6 0.413816 0.371084 0.0110184 0.0191817
81 0.812361 0.0512374 0.0507058 0.0841303
46 0.582702 0.348086 0.0108604 0.0194626
81 0.211587 0.289135 0.0187174 0.0391863
6 0.170408 0.302931 0.00962946 0.0267857
