0 0.656285 0.169748 0.0372022 0.063702
81 0.656003 0.228441 0.0309358 0.0564203
6 0.43237 0.0413612 0.0326111 0.0538201
6 0.243957 0.303797 0.0192761 0.0361158
6 0.0200575 0.362009 0.0186602 0.0413245
6 0.424687 0.39275 0.0104262 0.0177042
21 0.279235 0.369441 0.0150886 0.0263862
0 0.656285 0.169748 0.0372022 0.063702
81 0.656003 0.228441 0.0309358 0.0564203
6 0.43237 0.0413612 0.0326111 0.0538201
6 0.243957 0.303797 0.0192761 0.0361158
6 0.0200575 0.362009 0.0186602 0.0413245
6 0.424687 0.39275 0.0104262 0.0177042
21 0.279235 0.369441 0.0150886 0.0263862
