6 0.168282 0.241894 0.0252326 0.0472619
6 0.768644 0.104242 0.0492319 0.0851472
21 0.210991 0.327037 0.0187183 0.0355257
6 0.413832 0.371123 0.0109962 0.0190989
81 0.812376 0.0512189 0.0507729 0.0839257
46 0.582712 0.348189 0.0107845 0.0193568
81 0.21167 0.289178 0.0187953 0.0392586
6 0.170572 0.302423 0.00954189 0.0262831
6 0.168282 0.241894 0.0252326 0.0472619
6 0.768644 0.104242 0.0492319 0.0851472
21 0.210991 0.327037 0.0187183 0.0355257
6 0.413832 0.371123 0.0109962 0.0190989
81 0.812376 0.0512189 0.0507729 0.0839257
46 0.582712 0.348189 0.0107845 0.0193568
81 0.21167 0.289178 0.0187953 0.0392586
6 0.170572 0.302423 0.00954189 0.0262831
