31 0.574259 0.319783 0.0186237 0.0337267
6 0.232535 0.405609 0.010373 0.0192751
0 0.497583 0.361492 0.011293 0.0188546
28 0.52819 0.300385 0.0131002 0.0241105
34 0.574282 0.354745 0.0180483 0.0314746
24 0.26412 0.3711 0.0104893 0.019755
6 0.269137 0.411233 0.0103575 0.0196041
39 0.985795 0.321751 0.0284008 0.0988608
31 0.574259 0.319783 0.0186237 0.0337267
6 0.232535 0.405609 0.010373 0.0192751
0 0.497583 0.361492 0.011293 0.0188546
28 0.52819 0.300385 0.0131002 0.0241105
34 0.574282 0.354745 0.0180483 0.0314746
24 0.26412 0.3711 0.0104893 0.019755
6 0.269137 0.411233 0.0103575 0.0196041
39 0.985795 0.321751 0.0284008 0.0988608
