25 0.166801 0.197052 0.0345822 0.0642957
6 0.451387 0.179051 0.0224516 0.0407422
6 0.319321 0.355103 0.0199085 0.0347207
12 0.320402 0.323733 0.015424 0.0244427
12 0.579629 0.266628 0.0197401 0.0335009
25 0.834974 0.286466 0.0164833 0.0435989
6 0.650696 0.351023 0.0101669 0.0179196
25 0.166801 0.197052 0.0345822 0.0642957
6 0.451387 0.179051 0.0224516 0.0407422
6 0.319321 0.355103 0.0199085 0.0347207
12 0.320402 0.323733 0.015424 0.0244427
12 0.579629 0.266628 0.0197401 0.0335009
25 0.834974 0.286466 0.0164833 0.0435989
6 0.650696 0.351023 0.0101669 0.0179196
