25 0.229261 0.25977 0.028679 0.0520215
6 0.447899 0.222038 0.0197783 0.0366575
6 0.328156 0.372968 0.0168834 0.0305946
12 0.560873 0.297166 0.0155242 0.0270251
25 0.753504 0.324237 0.0153049 0.0356555
6 0.635225 0.36468 0.0095706 0.0162499
12 0.329345 0.344902 0.0150015 0.0234164
25 0.229261 0.25977 0.028679 0.0520215
6 0.447899 0.222038 0.0197783 0.0366575
6 0.328156 0.372968 0.0168834 0.0305946
12 0.560873 0.297166 0.0155242 0.0270251
25 0.753504 0.324237 0.0153049 0.0356555
6 0.635225 0.36468 0.0095706 0.0162499
12 0.329345 0.344902 0.0150015 0.0234164
