6 0.168238 0.241656 0.0251584 0.0472588
6 0.768746 0.104452 0.0497551 0.0857229
21 0.211029 0.32715 0.0188185 0.0363537
46 0.58291 0.348061 0.0107887 0.019514
81 0.812517 0.0513486 0.0508308 0.0842239
6 0.413772 0.370999 0.0108505 0.018615
81 0.211532 0.289198 0.0192296 0.0395236
6 0.168238 0.241656 0.0251584 0.0472588
6 0.768746 0.104452 0.0497551 0.0857229
21 0.211029 0.32715 0.0188185 0.0363537
46 0.58291 0.348061 0.0107887 0.019514
81 0.812517 0.0513486 0.0508308 0.0842239
6 0.413772 0.370999 0.0108505 0.018615
81 0.211532 0.289198 0.0192296 0.0395236
