46 0.953075 0.376747 0.0175383 0.0404639
25 0.372742 0.357033 0.016642 0.0320843
6 0.406211 0.407239 0.012667 0.0235916
6 0.495356 0.303378 0.0144366 0.0250781
12 0.577115 0.357899 0.0118151 0.0224203
25 0.953299 0.440359 0.0132004 0.0272866
12 0.405845 0.385211 0.0114807 0.0198719
46 0.953075 0.376747 0.0175383 0.0404639
25 0.372742 0.357033 0.016642 0.0320843
6 0.406211 0.407239 0.012667 0.0235916
6 0.495356 0.303378 0.0144366 0.0250781
12 0.577115 0.357899 0.0118151 0.0224203
25 0.953299 0.440359 0.0132004 0.0272866
12 0.405845 0.385211 0.0114807 0.0198719
