0 0.702578 0.107471 0.0454996 0.0767754
21 0.25437 0.359633 0.0163588 0.02969
6 0.215921 0.286573 0.0215168 0.0412282
6 0.420691 0.390909 0.0106972 0.0186526
81 0.705676 0.175682 0.0346385 0.059119
6 0.693398 0.19416 0.0407133 0.0761916
6 0.689447 0.198803 0.0328871 0.066106
46 0.575304 0.368696 0.010294 0.0177022
0 0.702578 0.107471 0.0454996 0.0767754
21 0.25437 0.359633 0.0163588 0.02969
6 0.215921 0.286573 0.0215168 0.0412282
6 0.420691 0.390909 0.0106972 0.0186526
81 0.705676 0.175682 0.0346385 0.059119
6 0.693398 0.19416 0.0407133 0.0761916
6 0.689447 0.198803 0.0328871 0.066106
46 0.575304 0.368696 0.010294 0.0177022
