6 0.168284 0.241936 0.0252882 0.0472299
6 0.768577 0.104233 0.0492718 0.0853395
21 0.211049 0.32696 0.0187616 0.0355735
6 0.413788 0.371059 0.0110867 0.0191871
81 0.812394 0.0512189 0.0507195 0.0838798
46 0.58274 0.348224 0.0108191 0.0192415
81 0.211636 0.289157 0.0187632 0.0392581
6 0.170598 0.302489 0.00980563 0.0267233
6 0.168284 0.241936 0.0252882 0.0472299
6 0.768577 0.104233 0.0492718 0.0853395
21 0.211049 0.32696 0.0187616 0.0355735
6 0.413788 0.371059 0.0110867 0.0191871
81 0.812394 0.0512189 0.0507195 0.0838798
46 0.58274 0.348224 0.0108191 0.0192415
81 0.211636 0.289157 0.0187632 0.0392581
6 0.170598 0.302489 0.00980563 0.0267233
