31 0.882188 0.0937736 0.0486902 0.0968419
34 0.890978 0.19546 0.0468952 0.0950588
0 0.567288 0.317608 0.0172253 0.0295689
6 0.230451 0.389075 0.0130479 0.0289692
6 0.190848 0.383575 0.0123504 0.0255203
6 0.457943 0.235476 0.0169432 0.0295212
28 0.198957 0.320037 0.0157899 0.0295422
6 0.333406 0.356703 0.0121514 0.0232457
31 0.882188 0.0937736 0.0486902 0.0968419
34 0.890978 0.19546 0.0468952 0.0950588
0 0.567288 0.317608 0.0172253 0.0295689
6 0.230451 0.389075 0.0130479 0.0289692
6 0.190848 0.383575 0.0123504 0.0255203
6 0.457943 0.235476 0.0169432 0.0295212
28 0.198957 0.320037 0.0157899 0.0295422
6 0.333406 0.356703 0.0121514 0.0232457
